-0.4173828212425885 0.3002219629002616 -0.11673964282333961
-0.25649760839261115 -0.9850531915715806 0.2784660249308055
0.5235909598900916 0.7230079145648118 0.5065939787345493
0.6729526610521017 -0.6001187476585441 0.8122799508694183
-0.18493763239442207 -0.38113937829975364 0.030806647459267672
0.06818602962265286 0.77243846535949 -0.17975747545785137
0.5882543386277856 0.04155928191169522 1.1196398391529514
-0.15275094380116028 -0.28692248130731635 0.3177790016731276
-0.7839136872321106 0.3260135752774722 1.0834390234481213
-0.5589377179433068 -0.4923586619427438 0.9719075092025973
0.7500662111060414 -0.09092035457996861 0.20612460071378386
-0.825269269323371 -0.045404889934488324 0.4025665542899632
-0.14228778105767836 -0.9767953997840939 1.1963056520243438
-0.10974645567407659 0.5586205237969541 1.0857166575147752
0.33147385635002036 -0.47133485769133054 0.6507813811823335
-0.252295411528378 -0.8167629240926542 1.0923500713304692
-0.2483920957663055 0.9445423524247649 0.045586101348873115
0.8203865529001599 0.808072983702963 0.6765165118807879
0.8959348488239227 0.730699035239855 0.49652309988199633
0.5349011804055055 0.3195420528212425 0.007678970905180549
