0.22225012038560155 0.24328814292169176 0.040941094307410913
0.524150013152582 -0.45310356399372953 0.41799693864275106
0.17863964800340937 0.03755875798800945 0.05462566204341335
-0.28812980236399155 -0.2028688564834653 0.9567996060980064
-0.30799670095816967 -0.04193173533661487 -0.13960208937991078
0.8729806055390201 0.3084483256078874 0.2585091283873315
-0.05208622666881402 -0.3093658938080506 0.5134213650922304
0.8563614421397572 -0.7435052116058387 0.6844090639055807
-0.156051761522076 0.6777331378030544 0.5565356831792434
-0.6049229136900669 -0.36794636571592787 -0.18504062126373244
0.9745732926146824 0.45203235746399884 0.8866627604437443
0.5805818605483839 0.993703096632975 0.13043416269339242
0.8582446560501538 0.45537848488784904 0.5932995551342513
0.2687250844751774 0.3254137444512162 1.1564072533152214
-0.924184042381575 0.21282905531739726 0.10640797019827386
0.8096161406366524 -0.6883277756406361 0.2965838678832776
0.16704652669753894 0.6078804215921958 0.8429321819765219
-0.014907872163504532 0.9172675429331021 0.3612065520835884
-0.9296973760606293 0.1911698149433596 0.2681300810572003
0.06154309490173482 0.7601885430750279 0.19967379897949333
0.7976757565403549 -0.6078565557981104 0.8787871964218201
0.16319245909663982 0.05516077498782557 0.7693822964263108
0.1417129966666617 -0.0025119490388325616 0.8020310940508129
-0.9592499862815858 0.6070891455673386 0.7156605635524669
0.40006316115502205 0.4855673125592319 1.1264847637957303
-0.4958139239770414 -0.6580279230508994 -0.06430207970133714
-0.15710359924501738 -0.9334436459707667 0.34995941311792095
0.23090979225654196 0.31064992098155497 0.7676654399049707
-0.6399107305995735 0.3138258549077684 1.0840743047982604
0.794803593930751 0.5518185590834905 -0.039321343976092965
-0.18301052811935437 -0.2368850831327296 0.5957427097916277
-0.9969786543282038 -0.7177912276351193 1.009546549567572
0.8077932606898679 0.2636351048122352 0.00023161699979096229
0.5031552154725194 0.8061007942863387 1.1647661784297518
0.3272360084099437 -0.8014689148781207 0.38640522853029985
0.26105786752215776 0.8219881544626888 -0.1290918742523927
-0.6508546718339965 -0.8028829989284842 0.2487898507892387
0.09008593782356078 -0.6726768550037776 0.9150506359654065
0.3262842902632972 0.4537717743059815 -0.03644707435327077
0.8903303678711314 -0.9500875358759473 1.1784695428272243
-0.31718034464894873 -0.22261159294164967 0.6783491426107233
-0.04037041262846519 -0.8185948626989596 0.5057437821676662
0.5851310094869877 0.42223342906119443 0.1981769320213454
-0.9994436115425736 0.12707957949426985 0.5957400121580474
-0.5638281066596358 -0.32389754360360423 0.05101431885627755
