-0.10439551165159733 -0.9551223685339412 0.977303147108036
0.8596606765934771 0.6097646271177384 0.733079668325691
0.5981579068353857 0.719330015024545 0.05837081617962486
-0.6872081223263382 0.08182923646467533 0.025150170620387047
0.6686031451572092 -0.20118099930775424 0.32690435236763254
-0.42713159564264 0.293558267868514 0.053271168902352006
-0.6814182432559592 -0.8327778262621717 0.5266621172977042
0.017867621870149453 -0.9877588488991909 0.6662159053880516
0.7571461433473798 -0.56777910034132 0.13456162318956616
-0.1187802370150961 -0.8088494759882539 0.9930632914141608
-0.34947348748205354 0.08886844328474042 0.007227283079655922
-0.4652469153878691 -0.7680084859617813 0.9884193142867264
0.2503620721971298 0.7302983111470207 0.06719904448089176
0.29748421475552567 -0.09206674238209334 -0.060510819328569526
0.5261839923044986 0.9066489410854617 1.137209225779893
0.5445773900121187 -0.716395787408429 0.9738086147744984
-0.07303345703558728 0.38398798926144084 0.467442316587173
-0.5765611155647286 -0.9713765228069393 0.805470810952684
0.6769573538025997 0.28459807184822106 1.1657101859326129
0.958049540670427 -0.8817421983731666 0.3087842317263573
-0.8042024652256108 0.4489699034348904 0.07825690429246474
-0.7912901659555152 -0.5162342580483215 0.5237537757503365
0.8737214038469334 0.27508675597366605 0.3042283101453351
0.38684974694967034 0.4256986917109937 0.21951731826999915
0.3847390216083515 -0.39538570332455714 0.12371704135296352
0.7313223204381354 -0.25848693321080174 0.6190548698696428
-0.9121693361017846 -0.20561578067244546 -0.03519892722394563
0.9512405960407044 0.8613959241614519 0.9034493044615537
-0.325878366968968 0.41972162166179383 -0.18636422882318127
0.7033278217930186 -0.8346047942663612 -0.15841991187537507
0.21024797468409795 0.080125997075982 0.9157803795048243
0.6944524947512953 0.4541566034846436 0.6767270217134616
0.7447878261736254 0.8372768930203418 0.08184105506730038
-0.03131834188705884 -0.1709045472489874 0.9364871532925003
0.6903204843414261 -0.9750682240596722 0.2942251395055844
0.34838849797691274 -0.427938034706969 0.18609189605229942
0.8717147174684683 0.656189622244675 0.4571626370442939
0.42027957766346735 -0.35879759645600884 1.1156625874273465
0.9552289881222054 -0.8482742054640593 0.42393430089959167
0.7623683083411905 0.5800372038648063 1.0674169844183723
-0.7253331260713487 0.06739171203467542 0.6548594798066267
0.3333488703030134 -0.7660705465806861 1.1715074826847265
0.8142926615348463 -0.897667056939284 1.0799352898232784
-0.5236119908774943 -0.43876374350548497 0.5755545370794075
-0.8772720501077729 0.1841517170036342 -0.018326170566019595
