0.8942463056633303 0.6542617333162071 0.25842769853470315
0.6183727742568919 -0.6105465099290555 0.3774489698471685
-0.7646072664468127 0.7585319656620217 0.7563540476817248
-0.5721480741811202 -0.023053844269303347 0.06174281983909791
0.06625232541873016 0.9952413184129507 0.3320711631527323
0.09429623946454835 0.44179588200111786 0.8405476086008887
-0.6312570872736851 -0.8389554804376635 0.7076854256809837
0.24273150766244078 -0.8394130824501425 1.1037187742204178
0.724794519152149 -0.35966710847262084 0.7788682029234899
0.7550920155112768 0.3212795222901397 1.1267606656819742
0.0403650882130524 -0.0869671057017325 1.0630676137109563
-0.4468120145689871 -0.9893189325694176 -0.12989215792549863
-0.7340429465878233 0.9149005682029665 0.8125996135688456
-0.7851008360437532 0.5558371696222886 0.492179848968844
-0.3847056136856739 0.6849267631573908 0.0368795796395375
0.9590523351616198 0.46558685226138197 0.8683378615131212
0.9526076164015032 -0.92432062367181 0.42636728495931925
0.15611263755070515 -0.05245628299265803 0.16841424455497733
0.1543307497633044 -0.3081938376519613 0.9034226964576302
-0.46782940920849003 -0.5199754121047475 1.0756961081683634
0.9178001977273713 -0.47135176955547853 0.7419165214475323
-0.5800221974952628 0.5782365470949384 -0.1988740912990605
0.7976057697404118 0.038667120989495984 0.7930609630541567
-0.5204671886421526 -0.23607291002184483 0.4931401934157729
-0.2751174119710036 -0.8102383870634358 0.35462114878103784
-0.7025652499775443 -0.4328128272000755 1.1660250116146158
-0.25135595211298245 0.2219811553551141 -0.11479590399790357
0.6650912515287462 -0.7288898446294674 -0.09498842495375143
0.3505414091015133 0.1268742889573855 0.0360817370614184
-0.3293887025110742 -0.6072179074896114 0.9336099348996183
0.812796691719869 0.49838160235235085 0.0009722671648879078
0.3669262348607176 0.7758809935562194 -0.09532829100159279
-0.9868088565655286 -0.6938293966907922 0.16908904710299666
0.9153683344435413 0.3512212129085295 1.1363519807325173
0.4010018859531239 0.45743397789456 0.13359848538431401
0.16546665423294682 -0.7290071574749042 0.6414016247586807
0.2783964754749848 -0.16484734251717303 0.8902678544777969
-0.8445162485757476 0.46194105414057285 0.11541481797075304
-0.9944641756576804 -0.5051418826289134 0.9701234606018121
-0.8751901807639495 0.48868338187757043 0.7733089613915207
0.8456366893823566 0.9921944752928975 -0.028404760849086608
-0.26805586022866756 0.14237601474576667 0.12079398392907964
0.6630946468495837 -0.5692265412104449 0.835314280937953
-0.098369429864134 0.9198641578400875 0.4657553448619099
0.6135145730546971 0.35567439354667085 0.017370059884179945
