-0.6825306019875454 0.9397930833533779 0.06775032429033295
0.42342941959840963 -0.19686237390210248 1.0071359343649793
-0.25489739453365834 0.29066593018551146 0.5219596869328345
-0.12452544091310136 -0.9802849599586358 0.1831838333762787
-0.9732009633697294 -0.0953660306238544 -0.1179599316281217
0.2922615831432507 0.2537035266558212 0.7447827302109471
0.5359562471199952 0.12463235971653086 1.1780631549407543
-0.18312204028861978 -0.5501324311560964 0.3500202427758439
0.48831332857205445 -0.8097706294317422 0.2151418500718948
-0.28056131175486265 0.4215700732872063 0.9161358343905419
0.09595931190214602 -0.7682839506623445 1.1789918551343637
0.9993373898127966 -0.41236245818735595 0.17054327819925474
0.1430079684755443 -0.005786726327189129 -0.07305937880118643
0.22782580815618458 0.09366246032810288 1.0841822359430744
0.8842371210790765 -0.40679194122700113 0.942378510010826
-0.4889504457301721 -0.7573154652443277 0.31935702678095595
0.21061659675240185 -0.6207318239135515 0.6962664639288314
-0.48298940305551286 -0.20523192627648457 0.14726763389937447
0.425323434456391 0.8343627431839804 1.1955501710790972
-0.5014362130915206 -0.3356011113086588 -0.050586420519184994
0.1463171397610843 -0.2329956072125401 0.08564788698137998
-0.09705544773921337 -0.34841850092705573 -0.010093170060898188
0.23253028279610133 -0.38853992074020516 0.6535750464006376
0.8371217257125207 0.9871163254751203 0.9837309017539733
0.16466424982661976 0.8547492297675041 0.005074537879533547
0.8164578158068072 -0.8385827056135384 0.35612107027346146
-0.5156602224433184 -0.5926559929820157 1.0062156753588767
-0.30773781714953086 0.2098706969557369 0.0827290785502261
-0.5009706022567053 0.7228518704580575 0.9938709331617017
-0.17366668690657172 -0.4060210218211564 0.3983320278116694
-0.08788039889388388 -0.9957713301150544 -0.019582257541814474
-0.7407536211643351 -0.10829896722973031 0.6418962539918349
-0.2627192082170533 -0.8757547272711756 -0.09019013981485728
-0.9340529441659164 -0.11667479925937707 0.7605745199213405
0.1562264793766166 0.19741443679295756 0.7342339080997071
0.11077644543893794 0.7618172339501994 0.646099602139576
0.959637950222723 -0.41723339789997005 0.8555810096304828
0.2761330208107651 0.8697834570698963 1.0298363707242053
-0.7213351575850298 0.2605462805233849 1.009005699554931
-0.6785129629330999 -0.7063817907189633 1.0283301728071585
-0.33828284271273223 0.9957106858666886 0.9836234395320127
-0.4155812506504455 0.4665013869212684 0.4588724684686312
0.8962970502898842 0.36607896066287404 0.11012926113973237
-0.37128968179646904 -0.5747556746903963 -0.03686311847244131
0.5198543841423715 -0.08266116182676897 0.6766940679172595
