-0.47732139421214237 -0.630152238432101 0.024439466044729435
0.24282191702359968 0.8477593326774102 1.1262752785266497
-0.2607920133265236 0.8311863813236058 0.45932569374297155
-0.8013197065438289 0.04233658372221716 0.03964986228517037
-0.6017004880774306 0.9554967533723657 0.12816456931979164
0.944956363357397 -0.9504092136794617 -0.08218398155750044
-0.8100654310395861 -0.5685358169375618 0.9266891660303391
0.7253134944925848 0.8357311496194322 -0.11797697080072948
-0.004856972398217252 0.8856627261577732 1.1317420201230903
-0.04128567695595309 0.15534813151720073 0.7518156817434558
-0.2269637536117628 0.4604912550579927 -0.13718972204317598
-0.2574976698214173 0.5578990912470503 0.8417290948359346
5.71828410311781e-06 0.21714425611037225 0.5146966677753211
-0.6969041357613894 -0.6711240034533128 0.14092840782929628
-0.24034918793209847 0.7686929956485906 1.048645792724639
0.9412450605159122 0.36370250616716016 0.782350816497263
0.7123704177453338 -0.4223978466074829 1.123750356099122
-0.30306399907570136 -0.7039024773574909 0.10007861784631228
0.41148731362994395 0.28252924789928113 0.2627811589629492
-0.16198154295080047 0.7948741005289626 0.13709440709554582
0.5873662613829311 0.020902020223356743 -0.056400961875527206
0.4473121823762485 0.09847393525320047 0.22226882010777693
0.5604555176981125 -0.7772347704967937 0.33994987276882854
-0.7004870308517019 0.9757021591132866 0.32557373919611904
0.3105672171642089 0.498350625242423 1.1158684263457892
-0.5593824086088892 0.6543381328972449 0.43865709513915035
0.1283925982370695 0.9179577981159479 0.44011253530319033
-0.6203703106354388 0.20171209587319416 0.26597193187779605
-0.8329106724789057 0.5242935718739865 0.9147051756846938
-0.9489217884597108 -0.2519047369496714 1.107532008523103
0.7665930599514015 -0.7501048799128753 0.6772747586370793
0.6187454129194903 -0.39498833313490267 0.34853027689247534
-0.558857894615918 -0.17447229071658343 0.01411326174817426
0.6535604838028244 0.010088388155237826 0.0453960612591931
-0.9007851169634018 0.48361272390045595 0.08350592213068458
0.7810396101080364 0.8415074294119389 0.8021117166320682
-0.9055340057663241 0.638870597689682 -0.04655374830038281
-0.005163932970633889 -0.9654219831626147 0.49811479704382383
0.8905467762813093 -0.5013511262211701 -0.13271692157293555
-0.9581375753341814 -0.5991496533301295 0.7744769583195281
0.924344984784849 0.595097283271169 1.0476953826067301
0.08705767349184756 0.3424878448639286 0.9183126176430805
-0.5778842950347691 0.3146897498866299 0.7989437520795748
0.2549637974166885 -0.4105122276642206 1.1656563126502615
-0.5280236043162183 -0.8357940806327531 0.5385139073604779
