0.7762903453571441 -0.7257758146590658 0.037341787582396424
-0.5359084896971034 -0.944950718971018 -0.009526819915972318
-0.7076166873550631 -0.33318764364378395 0.44661567426179033
-0.5359777037505564 -0.49493126850693847 0.5888525091680346
-0.3378302030105278 0.07098625426742822 -0.09747340192210938
0.6662659480494553 -0.9358171201104082 0.15247848710100254
-0.6668709762459872 -0.03323102339091655 1.0200823456352768
-0.42407861428271487 -0.6006402441345489 0.6082814353777937
0.14283440832787853 0.7113491360950794 -0.13467617364969606
0.7804758242249332 0.3788839050884234 0.5374851463315395
0.04351720113275781 0.28608273171870957 0.14856217514195902
0.1409852803856695 0.6951955021699696 -0.16586422317103466
-0.8648210929660833 -0.016894039115350257 0.30571983087871096
-0.41144682231405616 0.4259484502230584 1.0509726294856556
-0.783647369289703 0.8273374214709015 0.31011398267252427
-0.10123585033478943 0.6483450789259761 0.002962206346198565
-0.9637374482607266 -0.9498053251412524 1.1193661416269003
0.36701548043684284 -0.30273736333480183 0.8978308506794039
-0.497292778300662 -0.34834786982315324 0.12815122228899006
0.7100763451489192 -0.2065746162425115 0.7688128466911017
0.5163664701255757 -0.9831747577445944 1.0566918398282403
-0.18555937403014156 -0.3323165113985509 -0.14514640043045335
0.22067611281276633 -0.05883697864787174 0.5620979389205627
-0.9585891247696905 0.1817823605970954 -0.17618028520611284
-0.8155523829610498 0.6336593196471965 1.147433436525339
-0.9391369634305202 -0.47785092481826674 1.0056950098379718
0.5772638909542704 0.0632589468680127 0.33155731931554894
-0.6316751574852386 -0.5794943963007924 1.159721835289359
0.6776504083197237 -0.626221599625796 0.7800853983898017
0.4717769523130393 -0.07245170737255457 0.9930309769209946
-0.308296668724346 -0.1608836738637598 0.9042231766253179
-0.681181084839779 0.840311533662693 -0.15674177087989852
-0.4670595916872995 0.26288213365541324 0.3138132800976177
-0.8101043039876201 0.7274036104545469 1.160524690917472
0.9526726891265127 0.31532965594881013 0.014144304732354257
-0.20384517177212835 0.17406992441565117 0.39540552055788086
0.7142550020065275 0.7695340236135009 0.3688533693768095
-0.28670731593130205 -2.288603515010479e-05 0.7203617151983133
-0.8661372960359388 0.5314917473617169 0.4854401833627065
0.8103656209360308 0.562701675735084 0.6045906721778065
0.005078930526542846 0.3430901813149301 0.4846840641989984
0.6771013004270532 -0.7368564594709928 0.025379811797273916
0.9175051893380681 -0.15472248126730426 1.1731013301718298
-0.6517064949601183 0.24172729137433024 0.43666810949266827
0.21579132654771427 0.893782271233893 0.4307315161246585
