-0.8811874862214795 0.8854547865457674 0.26974024085571735
-0.7474304455844651 0.18869656978783977 0.5323585074154118
-0.7858571503683578 -0.6703255051558532 -0.05157050704989091
0.47694069597925104 0.8137434561053125 0.940592533119825
0.8545722226900592 0.18919804438272925 0.9815290531036724
-0.06590224224235364 -0.8406426045073709 0.9566438973968137
0.1197432061089585 -0.40188286108652527 0.3502540650276634
-0.7029257209415458 0.5703013832176103 0.3193699185369325
-0.2560215711322218 0.20671816276485822 0.962935092155335
0.2192337097780075 0.17277715338105426 0.7191188887495623
-0.18630664441011646 -0.9218335030501603 0.035166905231723306
0.004501769744454931 0.6228287760106619 -0.1487486775666138
-0.6459184068874466 -0.22917436364068733 0.9946287138614158
-0.32565926662096034 0.6682293951948017 1.0346339617775948
0.02591993112970936 0.5758646620558323 -0.05225518148570171
-0.5487036026494125 -0.07514889216317 0.6312342754399805
-0.11721848595360607 0.7813365351375243 1.0931204288114205
-0.9121706996576486 -0.6824531919219732 0.8435068130348484
0.9613226168720057 -0.9255796517301489 1.06414147588046
-0.9441056976652904 0.7527661803261965 0.3377948037469886
-0.09892911853099551 -0.6377373909616042 0.634778328415802
-0.13432881800583352 0.150048132284071 0.6623271064700702
-0.26578300913984476 0.6998883744367659 1.0016294575369058
0.9007144596058392 -0.22830672903799853 0.10419581312903625
0.45705693993925633 -0.5500781464181206 0.5027764194174702
-0.15050095507555028 -0.311238085876105 0.802504208629641
0.210117166258448 0.9559327286851653 0.3851330604894911
-0.2591584934084461 0.9051235989232824 0.2306221385502078
0.7983497253592262 0.43171563771000065 -0.16034313522598376
0.8035884057395475 0.12551532172371527 1.0613553387043535
0.9416201518824789 -0.05630618708359969 0.14984091177729636
-0.06674944617829315 0.8872418030938156 0.9770532269259606
-0.6031648702995687 -0.9661526584569808 0.01468687263822227
-0.25796771830063525 0.4857253410223201 1.005597080563646
-0.08398435819489047 0.4675418082462821 -0.04864322653312081
-0.5574669998020436 0.3302852417471147 0.27804510843881264
0.7308678884215021 -0.04813311413953114 0.42415904171237856
-0.36611398168319553 0.5765275415958186 0.36318683351875697
0.17003874170188338 0.6140110958553657 0.7493812146423127
0.9701011960288242 0.5027956800777109 -0.04073077160155067
0.5251065667825967 0.9833580266917785 0.24788627746801534
0.08018746394417597 -0.7977705341435857 0.35496183924595576
0.5648629950286128 -0.10544211361723232 0.8245492915050021
0.5167052346764553 -0.42590919316494436 0.8596284969934385
0.09351299677024771 -0.9986856211239792 0.6603508604692685
