0.2058363889062682 -0.1578985334164953 1.1856645770371075
0.6471334181325548 0.3315446485875717 0.39212963874965406
0.7291774641053868 -0.1939700839158809 -0.04018063059744803
-0.979081760689321 -0.6521773778096798 0.39274868419352166
-0.9354848486233267 -0.5410815649200846 0.14779322210286738
0.44987861716156585 0.0789661854960908 0.11176480398843813
-0.9372504842884444 -0.41258377325073803 0.7060373663636705
-0.5438884612502413 -0.6644800700584688 0.5153710883214597
-0.14524224138748854 -0.2913619192322383 1.137307247412456
0.9389803217974391 0.1423211678055225 0.49403839434141134
-0.12328801109944898 -0.10560180442965184 0.5272716449704624
0.21695053843279588 0.7871708330952336 0.9811396123763327
-0.5108654232086518 0.6468059992798127 -0.11178138754136048
0.770100500128724 0.7436294576432285 0.8123277615822972
-0.20419883542308392 0.4947162143134025 0.6265296333738783
-0.04564925197398528 0.7981889391478625 0.0036279608724720525
-0.9086603008768646 0.8484760930285626 0.05119300027445284
0.8201884045604633 0.809717733808331 0.8101649828856279
-0.7108229250378093 -0.7736096539058124 0.9000144971048796
-0.6350619908348865 -0.33613362068600483 0.9651798071487607
-0.33697981499244434 0.7220765686355384 1.1491441033734766
-0.5529144416768264 -0.5220013879561534 0.5163521339855721
-0.3228046375475415 0.3898036747477669 -0.09813415161762767
0.783330561055052 -0.47377387834050344 0.9575488520337343
0.7480975547922799 -0.962047499348879 -0.14144950427217884
-0.9038189874100802 -0.21597629709096577 0.7689966039112748
0.7573282494142444 0.7699939947062175 0.2933906771147467
0.21938627958451207 -0.3965839602014982 0.7493991058225804
0.5242637001978723 0.15602502423639208 0.013884550293427222
0.49306311545707127 0.787408670437582 0.2464643106540279
-0.8271547190004693 0.759967614965815 0.49062593510294567
-0.43748287944259023 -0.5520094502554023 0.3026199449367189
0.5973332141462686 0.06502023451255656 -0.05392209584080232
0.796228159382935 -0.07003059870989903 0.9409017990381234
-0.08417596751576739 -0.5877024886815285 1.066732689715746
0.5233336583652752 -0.9059444565487997 0.4214517686262161
0.9500977272801465 0.1258149602801728 0.4235367091978935
0.671371548078989 0.5145606544174108 0.4857348855617491
-0.6604640110198046 0.710351823221619 0.794950900351451
0.3172272460400789 -0.9618218956331477 0.7179979398990455
0.4019615773014815 -0.6395200761975541 0.7211384361662958
0.35824941689320355 -0.0812721568148882 0.3240454531295616
0.12315112001968354 -0.5102504474830942 0.8826548471899096
0.8064619960327546 -0.41849599543256955 0.45949669819140543
-0.6300812811743608 -0.8677384748944572 0.773372964407073
