0.6217225460107958 -0.15623255421288862 1.1582565017679924
-0.2099409045950582 0.17545251452612187 0.6887847062726835
0.991939830778054 0.9623127379437162 0.9645657964270333
-0.16261693356354834 0.6931665182424844 0.64365299182303
0.848595818623413 -0.567161834704218 0.0717102614958513
0.7786433968916402 -0.20223694102315104 0.007028542199058463
-0.27790919250922075 0.003104568121894191 0.16524913243937916
-0.4707470999297638 -0.7363074194031214 0.5248894387932612
0.036870900311904986 0.588977584437878 0.4801850586414494
0.1575537085630303 -0.184372722359474 1.166322181455284
0.06173610106066141 0.675728016374715 0.9346881504578886
-0.8192905570420261 -0.2710473585627897 0.018871064609086913
-0.673940754036845 -0.7005584818872619 0.9286980440326862
0.6095125290801837 -0.9701359493944088 -0.18952118516227845
0.9180627447889693 -0.40928121399534656 0.9117062669679179
-0.2580794461625475 -0.4188702975344367 0.008775184523207885
-0.6087564295260195 -0.40516621007418263 0.5924774954944356
-0.2501871602775805 -0.6261006015105497 0.31138987829237524
-0.5689109923578717 -0.22931489442796216 1.1285678706193134
-0.46494977751830957 -0.1882748778029859 1.012023481649417
0.12269172069361467 -0.46024885198908727 0.032269492544092615
0.5162649557071406 0.5107951367271331 0.5741662691032581
-0.2502260684690183 0.504336888888353 -0.18132625238968259
0.03255361901285059 -0.36072445385722984 0.5643632011018231
0.7899489731959335 0.1132413658545961 0.9580418968605606
0.26296847808488333 0.08766044765061998 1.1439818627294724
0.21667592887846165 -0.5869123348649772 0.14444107893730468
0.03616783133392909 0.8574104042568982 0.832861377387881
-0.41381674094470267 -0.8349605541773117 1.0724281054319105
-0.22102737090741686 0.27800935362743795 -0.10887262665799344
0.8727881044835801 0.19658955430430725 0.7041489704740551
0.7205029288572764 0.02120888162061041 0.8978063585631599
-0.9990703961523002 -0.7066083603595563 0.5508881570270601
-0.48048215742911915 -0.5757769873944696 0.418259985463651
0.44035381446384325 0.9111869301655595 1.0165331193126157
-0.32640198535465004 0.26948657710172896 0.7736676296936613
-0.2097565125972094 0.01225962683541626 0.7699621761160238
-0.3911079805451414 0.8337760704261548 0.799782693438398
0.3419430994901542 0.6846666840673648 0.06830513341770794
-0.9640544194609029 -0.00026700689307279646 -0.15808841413133967
-0.5435295717667634 -0.5399135425880071 0.36954406102830045
-0.6469295170526455 0.11637611563384431 0.04935900131127652
-0.5550330816187459 0.9086806459312586 0.5883095066043604
0.08868923759490843 0.24673076708089758 0.9368216913770475
-0.45970116258901816 0.81218353330665 0.8724707917611252
