-0.8699581943640231 -0.7003569121958517 0.8764343051693955
0.09975545760223059 -0.7114396964888765 0.6197370039866832
0.024735741547013523 0.6924594718354489 0.8889007845974846
0.20116096674669737 -0.6273501086303199 0.21773295281558747
-0.7246728411435419 -0.0996860619830795 0.3667195337770181
0.7893008168757818 0.8307629376691643 0.8988220973348711
-0.3732273939382478 -0.824065681391573 0.9181856533043689
0.5674171395020997 0.5262492819549707 -0.10517579996222663
0.005544758559003826 -0.10862200786894882 0.5497887511722324
-0.31519473371129836 -0.6084141052999867 0.44249201663704124
0.583625396208667 -0.23795226659983482 0.061915628214431806
-0.2681099523380974 0.7578984054918743 0.30456806717008694
0.48045651116440147 0.006419379583255891 0.7596876125318255
-0.4946342015402039 0.15427147383432716 -0.176382751553173
-0.6550572467904947 0.46254627027530093 1.1848092972738509
0.25557781495102705 -0.23587738600320773 -0.061660099112474887
-0.7921605710036816 0.3220451521479746 1.0001340119729385
0.8383316808232395 0.8948033109984197 0.7418063192088131
-0.12615004724718393 -0.41929060086602665 0.6687685215543129
-0.3219288954629953 0.698001739385776 0.562827168713621
-0.24128979786287097 0.6050156596020297 0.8452512042056075
-0.7665944936919269 0.7946760062213254 0.0747891368946198
0.560502528665425 -0.2622360343083112 0.8135061610162311
0.658342865844896 0.9617204621424471 -0.11616963521027636
-0.28133427106254527 0.3801406006946144 0.898765438219099
0.029343482392834463 -0.9475996199474277 0.5579371203255448
-0.9013724019344733 0.2572001493960767 0.7667075225508246
-0.7252523035942264 0.7799761595157553 0.557099191172574
0.8463027353290757 -0.8511667020424125 1.114457271429624
-0.16854092424518563 -0.23276151176590476 0.05014980261710755
-0.09213526058632637 0.06233389804991485 -0.14797480121557824
-0.39653801299321634 0.9955220907873132 1.1241796229961416
-0.8745670517388617 -0.76216758906607 0.6791424401919828
-0.8350999237309273 -0.08470942087905664 -0.1526026840669039
0.489306058749456 -0.13973803843684252 0.9451244870792259
-0.2311018697702596 0.5115822306629938 1.03775546987293
0.7108138800128143 0.5912393932272437 -0.17993861877285625
0.019154424203900566 -0.02471449771047074 0.6380012638444117
0.5186601014655203 0.7555286867496966 0.7657905441609121
-0.7899725680030609 -0.9638344996782682 -0.10254481523544354
0.09590305275742561 0.45699871622386934 0.9691284455536742
0.9649762410840605 0.5621717189888848 0.33122584019969964
0.8477544476365986 0.7634698453793878 1.0502842756057273
-0.7875650583704632 -0.25577295699066727 0.6544684949400972
-0.07506491329912812 -0.963976365024154 0.22185829591045036
