-0.11876874513229652 0.8189920313888139 1.1805115748037565
-0.42469271239646544 -0.7164401463508985 -0.19156573430598633
-0.05218267766729068 0.0625699331487144 0.5477655793787188
0.8590927294003607 0.45044237091949535 1.0403141042460158
-0.499677062997117 -0.013070901813456937 0.44060059263591583
0.03323153659068212 0.941163891230955 0.37567203556629664
0.7787028613501654 -0.131322398759931 0.9472591463842761
-0.628172100830864 -0.5021042888312983 0.4955839280133258
0.3506818932011526 0.40151704820775613 0.06904017075505792
-0.19554583825350602 -0.00036938232545447036 0.2163210173795102
-0.3650578656628054 0.8813840473005903 0.26766586255326363
-0.6608123370690631 0.8170178485708797 1.0763890383689088
-0.7272942374000653 0.9271558123293411 0.606829873458965
-0.6974782272082558 -0.7180794068122676 0.7801162687031511
-0.7055104998529542 0.03784328474253984 0.9575144454039048
-0.21599094067878144 0.3699166908697109 0.49670407998612703
0.6521781290869542 0.5970928150725521 0.8391060648304043
0.2909122878295818 0.2529350516057558 1.049277165046369
0.5837114352115176 -0.2913183838960891 0.6751322918993103
-0.8611100652396491 -0.9934961911201583 0.8363798792823058
-0.3233869384022978 -0.5954890421157928 0.29247142620940547
-0.18109161161091913 0.3646521546799302 0.7170934976277883
-0.7465939575235647 -0.7246285294966792 0.5437759088715663
0.15150035353877067 -0.3757328631637271 1.1523957261387072
0.957760087768748 -0.4944924297747928 0.0430124346793469
0.9429062012633145 0.3242996646641181 0.22834389341469014
-0.9540813304255162 -0.3118708525637941 0.8312459178485854
0.10147766125640922 0.8730286711532596 0.6863544642025852
-0.6631563540023688 -0.4587731097427332 0.330404001710544
-0.7397557827419241 0.46107212803544195 1.0428671056038987
0.3986084867749209 0.31730938680945586 1.1371031376971608
0.2992063663601332 -0.49549029302761194 1.0081732231196978
0.21194683853851148 0.5321341611895738 1.0581680453126692
-0.14855721474697647 -0.3727894703850301 0.06382803450171909
0.8609727615768898 0.5397271027401818 0.20796307807651737
0.7720022389423553 0.8150858355394055 0.28511868247482486
-0.07707333092975022 -0.5045040581259188 0.38270569058318843
0.12483670373606559 0.14766120081624212 -0.11584033748852167
-0.7668149612296253 0.21369056307739354 1.0480763776657382
-0.2236617901282134 -0.14701696104223227 -0.08677176553185037
-0.9273647353534662 -0.9533386082114734 1.1106332825620273
0.06090133003470566 0.5903923992115385 1.160895770686746
0.47788101282283946 0.34862123738982276 0.6854127752348951
-0.7781264971027129 0.1588877649685556 0.34115250158248783
-0.5772435754553704 0.6094778914931942 -0.00018687432384240088
