-0.38499480096853156 0.29613614376203 0.03365068651335923
0.0031775757015641837 0.6820455635001588 0.7266316182354329
-0.8172065061678384 0.044967490077357786 0.5717488268233835
0.3995319451632997 -0.149737428421707 0.9911993971507567
0.9640383687228946 0.8088182961940413 0.6687505259469211
0.39604058212715243 0.7856533421856777 0.6571560561101499
-0.9561713347476046 -0.3084819976493798 0.2402429086060282
0.44569423772137684 0.4531764641612759 0.32789599325417745
-0.08040691185496907 -0.1551159647616549 1.1286656300291809
-0.7475578833175269 0.24244682980289745 1.1255983943234378
-0.475602976273898 0.1789733703582026 0.4308079769147058
-0.2428963895152949 -0.9649949355471934 -0.11229094782426419
-0.4604728737793433 -0.17694364867978085 0.8526886183833775
0.8755090310715328 -0.9175601264572655 0.5767851311527479
0.3604870323769511 0.7919260220288611 0.19000048466534125
0.5524447942991582 -0.7927818190197358 0.16060747434553851
-0.09956160508099621 -0.5720647822664038 1.166161297517326
-0.23632611496916 0.14124301435018327 0.06611218026378579
0.8242634618212543 -0.30529499637489965 0.9832238263766744
0.16759240847521828 -0.31762040638353173 -0.04720436297942643
0.7738174201078951 -0.6354507252434443 0.04770660972675703
0.3464706503469719 0.6644786154425926 1.1570192172030376
-0.8969826187629968 0.12977167056044014 -0.07370431974508326
-0.8893345366732377 0.8458372547012549 0.11454729512494716
-0.21565299584026976 -0.6336841134702245 0.6569682748641017
0.18254680293668724 0.6289035369920835 -0.04336796271268323
-0.2013748180877175 0.5814427896157015 -0.02451638059885783
-0.22128480591537358 -0.22204313261645536 0.08668101268660866
0.012852287566152976 0.24675561096205723 -0.04520576049497227
-0.1966206414667886 -0.7569898487107722 1.0260026648741223
0.26074639791694465 -0.7534897876221955 0.16947525592410845
-0.47164746836680416 0.8315709465899035 0.8966483743547513
-0.00901502067320048 0.6394972710613132 1.0515056675342396
0.21093013346638134 -0.5336959626366633 0.002060222173678683
-0.8030217326690205 -0.8472788454400397 1.1025573864990477
0.6677157579830615 0.6359810895734608 0.10366662799298076
0.6727206428924164 0.23010592845200195 0.5101704719973539
-0.7662619062155078 0.7343115931329114 0.1911128118296807
0.7563876002859937 0.3641046554621161 0.6671614849800445
0.7857008076294256 0.1740857245354066 0.3908322376456271
-0.6465071861183218 -0.7110597550586939 0.8185047396016816
-0.5394051361277048 0.5488841219754268 0.34149459114104846
0.650597394789062 0.47889043418364086 0.38128730564152596
-0.32091497594306895 -0.30077432018763184 0.4606182468839382
0.6364599028672613 -0.4656136363106822 0.3400094634968956
