0.8888348627085361 -0.938273134023518 0.5745998195105637
0.5917658012610054 0.9350526414002556 0.5176425323026175
0.052457084447584235 -0.961615544596542 0.12091620466493491
-0.7930523204375362 0.1906166160289955 0.8242969319375164
0.28063184094216953 0.3457905423558947 -0.15060696678856622
-0.06455949865421862 -0.9488914729592532 0.5093500474312509
0.515308108056892 0.5933073402613784 0.21639934097770352
0.6963661088253597 -0.8819870153629301 0.21930938928464322
0.7831884253080421 0.12379924045132928 1.1030033366623235
-0.7056121570760017 -0.9163444674633958 -0.07504073754776719
0.17236198957028526 0.9477821519852705 0.93961237991782
-0.5739377761852553 -0.1606303795434536 0.4031241422520842
0.2606052642652512 0.5989511149734408 1.018100211272083
0.06710863133343326 -0.9134119106000695 0.3572550654097521
-0.7153472182166494 0.039358986586059075 1.0451556756825604
0.9949669818709999 0.15689245906591798 -0.07459250435665185
0.9412284327621923 -0.20811058144010675 -0.01079836297191586
0.5275409206137596 -0.9110414184770439 0.7863587099932934
-0.9202543552345503 0.3385409162342472 0.34193851551332516
0.735888928334048 -0.9582579192291869 0.9926390591096919
-0.11468553727158826 -0.4538026242491191 0.7282843147912395
-0.8669389323554046 -0.7491376357243942 0.15350196366466362
-0.9014172833388019 -0.9468778287576802 1.0370397467994512
0.8166939980287911 0.7209793074951563 0.5646484964189149
0.5436008555644691 0.04030095338469186 1.123092728512689
-0.20705063951214564 0.3583525754470076 0.2920732821748418
-0.4758751103869121 0.8602807856876677 0.41034266433606864
-0.6228079523547119 0.6806117776933762 0.7572873382763354
-0.5320107308028388 -0.8490113145561426 0.42848193144240726
0.6228244339407112 -0.45737174421258664 1.1400968340222184
-0.08170473752570939 0.9079773501401234 1.0547961429074646
-0.1371366906928142 0.4975262196833583 0.7645204947423965
0.45897050723039734 0.7587147755416392 0.8705575507445411
-0.5918140588489795 0.9213700338457771 0.6133575553389936
0.9629061851377103 -0.296919402376159 1.1660971474983821
0.49098589678330007 0.9645838438283765 -0.04910897197946845
-0.7247967996520015 0.49800210629335084 0.4551045618449168
0.2827928000749309 -0.20993688093831353 1.0255797026781626
0.14956827873803813 -0.3740135456610352 -0.1648354130483482
0.30177886193867565 -0.2785699337759464 0.961663882418021
-0.3880095532517218 -0.8093616198958635 0.47710421440066225
0.28309779857079853 -0.43309041854384356 1.011400511462
-0.9310852567857075 -0.2651435563855 0.8332313174510444
0.19664261369487912 0.7769251148059799 0.8193290574755421
-0.7772414132260093 -0.2002898004060123 0.45852432102957813
