0.5332434497885918 0.718733947854451 0.054591621287639835
-0.781005931716211 0.49100481634668225 0.7009386285875019
-0.23303254506725746 0.30411218475705404 0.2538339246857666
-0.16252062776900433 -0.4202621612031314 0.9034767192217492
0.9080814015062797 0.2502535652739375 0.8586418668443379
0.9296417558268442 -0.029419301028175804 0.37234923606044307
0.8998718438028317 0.8577014729786856 0.39380195478229213
-0.09203082364753223 -0.8331910578798607 0.1721977590330222
0.4572761246884265 -0.5419330334090047 1.0251531473829312
-0.7702656667211925 0.7401981626073044 -0.17699137211088853
0.9593385844679705 0.9316991433829289 0.22223323770707137
0.5511749759217188 0.013126673706534975 0.7905665933909101
-0.12289977026890009 -0.9310117605501844 1.137173178527307
-0.801817582460425 0.5376323723971215 0.7468185600390409
0.4954952763309508 -0.12864692043968784 0.8781608693822445
0.9688373967717014 0.08520139329188159 0.24983999266054746
0.4402596474490872 0.6337942581251361 0.5398323507155118
-0.000737695961766871 0.8774318304419062 1.0697983409081921
-0.5325447302753648 -0.31141547004442316 0.10231364440584739
-0.12745658885693478 0.7381932848608399 0.6380550351969285
0.672887056324716 -0.33984928247452983 0.09485081606214579
0.001591194273306673 -0.7887190185262674 0.42083431934044285
-0.8615292394146852 0.7957832642185221 0.3809691655424949
0.5528393521585544 -0.8089928056621485 -0.19279371668106737
-0.45897590757423834 -0.44166766339904817 0.15803377069453733
-0.03763885875430617 0.31036445649761113 -0.08976874610181526
-0.5075771870483303 0.4063885241387215 -0.03750554257864086
-0.5088253586514819 -0.2727570584829597 0.7010929234267602
-0.004101184772509647 0.7255523089274605 1.1866636466320588
0.7609175177723646 -0.3225270830984852 0.900964867675472
0.025415232051124503 -0.8969295406685456 0.1758299196321536
-0.2461418408264009 0.027382842379929384 0.44597962255862894
-0.793719060883072 -0.2095047423013865 0.31731684393735754
-0.25170810389860043 0.08017528904467364 0.7166098960050071
-0.6369537081603949 -0.3185726970855767 0.25265143406593205
0.24532290012039182 -0.7438119859428407 0.6942739898263626
-0.4944928104679267 -0.9662883540645344 -0.12120827277887367
-0.9007848480791816 0.45323020411875414 0.1920983998819153
0.1094526968674876 -0.8621802889113581 0.348743110563056
0.2143092305755563 0.6933764694060685 1.1512762751718628
-0.25507626235513636 -0.4140789716915987 -0.1689512186922364
-0.5950281973332978 -0.47524178512619963 0.25953391278848126
0.7998396577358107 -0.6694189363213476 0.2339427512550289
-0.485888680857685 -0.39697376074122226 0.6983746124091608
-0.840544815425486 -0.7781596846640491 0.2949603194454943
