0.7156697914536032 0.09954581103941718 -0.06743748808049982
-0.8663469836612969 0.9471981779572491 0.15293901901458484
0.14621640531733338 -0.2574877484576257 0.6122553358648737
-0.9008344347305677 0.7827988176936307 0.1958893317392797
-0.2593293189263559 0.7592199593703164 0.30201839093750654
0.4656550148049883 -0.33777645701202474 0.8449770657896061
-0.953986915980507 0.8203266150562578 0.9659059547192361
-0.9760479263128183 0.31511815640012686 0.4143967505589519
0.1137568683778678 0.6229838723737382 0.33254117487526474
0.037528972499818236 0.07941270181401472 0.5842488765434728
-0.14944528029685378 0.9386822765104375 0.16424874444491433
0.894559085734437 0.0077884861811488015 -0.15524377261720348
-0.10517023940312731 0.4697485204097396 0.07902608003549544
-0.3741528881981373 0.3127435965319172 0.3438854016383189
-0.17034803338374616 -0.40212127397571673 0.13951589947089987
-0.4906116149686499 -0.44799543825692534 -0.1739240723994115
-0.31622139762853485 0.774309170746128 0.8282849605670946
-0.021937900314026315 -0.34797005742181986 0.22327723409146422
-0.06498750463597935 -0.1077097868109762 0.755962799993398
-0.0292363474325803 0.6704645536106171 0.09784152889195258
-0.39310297451717435 -0.9982551483197348 -0.12761473819333122
-0.2504686024644385 0.3926021279687717 0.2180228043753238
-0.32037352357651594 0.19343426813373554 0.16685182602002419
-0.9006890301323518 -0.5437827370096688 0.35911176947477147
-0.4635804521075606 0.7234698761300276 1.157834500662371
0.9731137887328503 0.6242363941248772 0.14172035903015906
0.4885690440251391 -0.5974509712067801 1.0198580947003346
-0.16884509720600605 -0.6252902498430082 1.1962333093805
0.23467052297764424 0.8186045744906529 0.2516559545676377
-0.26407100875283573 0.008541090116265693 -0.13758136117431508
0.1592070099415872 -0.6454747131788832 0.5400917608501365
0.7350430517206554 -0.590472338308538 0.7516769653045452
0.04036014929289733 -0.9009345208046622 0.7167462074988376
0.14646508899053567 0.889626305085433 0.6643209548515425
-0.9711549816367893 -0.1771153832864656 0.9132769552952309
-0.7907216991886827 -0.7152879376048318 -0.07353184801768245
-0.11767304823889746 0.5229178028240062 0.4692743428301627
-0.44338165662401274 -0.5380913618468164 0.01907846741096844
-0.8995954963924686 0.8315243781853792 0.55399092636619
-0.6374794027377044 0.10616529032802124 -0.010716253844018614
-0.06681930524651247 -0.8415141954589156 0.6971355471170559
-0.41855678470974667 -0.5910363889509571 0.8564614260193824
0.5286371003502499 0.0641093242857016 0.854702089199846
0.3084730723468223 -0.7267549659835841 0.730002248719491
0.2736174429778182 -0.39681085247678527 0.11100345934163258
