0.22740253839897728 0.9091364782592244 0.82392825834622
0.31229906447525946 0.9636652360999582 0.21437949332926826
0.2317275181755547 -0.962694613594238 0.8157267998293427
0.3679951593971218 0.4215385354358261 -0.025640942142585
-0.9323384382826125 -0.34888233465052454 0.029340967028515436
0.35827562588084194 -0.7804735337612947 0.7787909976328133
0.6500460065990625 -0.8234490344821035 0.6042784871456235
0.43096262617180114 -0.24507629346168747 1.1853137068799693
0.6718223937913452 0.5920977894679165 0.26415086317473085
-0.44967654949349134 -0.6070334636291967 0.46657004944590014
-0.9274702957817873 -0.7515815691131953 1.0829163090373406
-0.7627497841971358 0.5733207679803587 1.1781001151174353
-0.37133781048802805 -0.5875263877328316 0.8576463916040524
-0.5813405468381942 0.43548575890119445 0.2779946465158194
-0.15080855892261513 -0.9568852688652756 0.35744977797638117
0.44854043428549817 -0.9558941354358195 1.099544479238276
0.6667440874600761 -0.5775327888567021 0.2442540718442
-0.015072372589145289 -0.5160324390493141 1.0462338473085304
-0.9878104092741049 -0.1548307044309325 -0.19378192357182664
0.6113368338360741 -0.6349315201075867 0.0034935362966242722
0.8698122296467388 -0.013050152786195923 0.012476686568445777
-0.32111763284726713 -0.19275048308353337 0.0407337910460428
0.6088129468098131 -0.03284050518006265 0.738148543133319
-0.16622382695206217 -0.6746409889141183 0.3596210953882594
0.2761730775446414 0.2920083241353064 0.22779042632244784
-0.23423987383957878 -0.685690052034819 0.1020333465019253
-0.8003518762363981 0.9761659278327717 0.9346864968497008
-0.13821252197332612 0.9410286860028132 0.4897474790103607
-0.664829753468839 0.35958586947533644 0.327915901360365
0.9843783535400814 -0.32223048248395014 1.1014532133838937
-0.6786850680899066 0.8718425934605081 -0.0962926065037925
0.49264500776785325 0.6856114797690891 0.7335416484988782
-0.13751644820775866 0.15341857852086638 0.7743848268592197
0.9991045938182581 -0.20345063259793217 -0.09192136479760465
-0.8332311236448737 -0.8079805444166848 0.386610260444842
-0.5230475385713074 -0.7657492016746692 0.2493872474883937
-0.033393428441296 0.041797346552669534 0.6588848713679221
-0.36401444566851926 0.8665998082774291 1.1773842592194668
-0.372383360885872 0.361363162598634 0.21827031351109483
0.15636429106254202 0.6941022986275522 0.5901866180726343
0.6235399442270344 -0.21741583892028693 0.65954237646399
0.8708528502173474 -0.5746731340675082 -0.12996421191440338
0.16926767425591227 -0.6350387539908566 0.6319197742891529
0.8726040153716765 -0.9495755011295419 0.40660373747173567
-0.32654226523458685 -0.7533522763046139 0.9733276786041636
