-0.1495644294846925 -0.10817121174605737 0.03445543007230725
0.24559159183809176 -0.8745482813395271 0.49564173841689424
0.5881319659108066 0.5601153504266114 1.1600011226354452
-0.8737554125452036 -0.03166453940436598 0.309282596719985
0.21431746168779964 0.4313145132097933 0.7715986592675761
0.5514668697571801 0.4717928492727286 0.390979950326277
0.5483102136430316 0.29124300982866047 0.348332614514604
0.14843234575855435 0.45472671770700224 1.1565800400057433
0.15862541908986216 -0.3551989506168729 0.11671349814237836
0.22669269671392334 0.8195342537109558 0.6189961976116436
-0.09163963144070308 -0.7846335196153906 1.1952537355351915
0.32513777570714386 0.07073959323617984 0.0874368544173943
0.11929248723347596 0.011884040820081543 0.5415042341139127
-0.4602369915210054 0.362345210978535 0.19424701415747547
-0.31074958678479314 -0.055794764506927885 -0.10485239349916603
-0.5120276346667598 0.5771778789890338 0.04682430701977708
-0.5826960580870992 0.33218849040566867 0.8602267669918489
-0.052976161659241905 0.6795656650628024 1.0983373525853801
-0.9477169969870609 0.9227137095619133 0.5617443665810864
0.13231251136880395 0.47742918240702337 0.6460368162874242
-0.4051269849663992 0.031135530632993458 0.7851119728093121
0.9506655069626555 -0.45973227900925884 0.8288628226787256
0.730070398086194 -0.4846534073522064 0.14502984406055336
0.22260892241669583 0.951791378399949 0.7933050460799027
0.7074227930687182 -0.7113221773547316 0.4327332343155345
-0.5642636159162027 0.9137694632950402 -0.09494242430897061
-0.029640125319458477 -0.7592888595960416 0.22855257972992404
0.32853618214619984 0.9473273058481606 0.05206787985380862
0.6062400606940581 0.23367290124288087 0.6220391145496129
-0.7834682978017964 -0.8134953418024133 1.187943069494183
0.9117589462811497 -0.10475177634788246 0.18651053792636202
0.5837588155820539 -0.7926314217398545 0.7273357331545962
-0.9348501116789949 0.1880856973243037 0.5810415312519412
0.6909709512018583 0.7150767846389736 0.9059967668728186
0.8046520619714626 -0.6331268742174214 1.0588286992938754
0.13900776984337893 -0.861627636940302 -0.138374226395481
0.05697530795104555 0.41728568629929375 1.140800482088475
-0.2963041740566963 0.770329129699465 -0.1472654670037641
0.5520007149587847 0.29093712604231126 0.8253978258147534
0.12396192301664133 0.30648826765901016 0.9824546351819179
0.48627339282121373 -0.6177783609306011 -0.11855661455813275
-0.05472108637189654 -0.19709583722206991 0.17387198637524964
-0.36131250854358 -0.22468712452103845 1.193004504509881
0.15369458752320164 -0.08193248805734088 -0.051684898734364854
0.757147155976617 -0.27196062849773206 -0.14558518105186055
