-0.9891275060567137 0.18531493173739477 -0.00991620105981686
0.5455818907364374 -0.6393665062981153 0.19998537473448863
-0.04556504165533615 0.7248299142277967 0.10977504487329276
-0.3655153042919912 0.05916994895610084 0.4860917863246889
0.0024233296616527067 -0.5049583256305006 0.2362870792498596
-0.98291297892001 0.27857310204730124 -0.04143311359364918
0.35421158781766215 -0.5626231645661055 0.39823075135842473
-0.9647114878130827 -0.8327188675420734 -0.16344596681571316
0.5590319300169562 0.36600832916541504 1.098006659254473
-0.23031922799296045 0.41128191688270777 0.5340309233495317
0.9297725005416584 -0.5075974854671284 0.32975137191964726
0.7264095592078486 -0.5042047778752468 0.40245278913349053
0.2571454781199034 -0.05435460605669462 1.0713333806309049
-0.9883884243446381 0.8504509342655913 1.0598116350463793
0.5965186740126136 -0.7699931195459631 0.8041094983834329
-0.4896949968660622 -0.8775300447516674 0.7070416561611281
0.49772968671398554 -0.8921764691635872 1.067293050132971
0.15009058271503806 -0.9544619250581214 0.9819249214463077
0.34557872185163707 -0.39904628184724267 1.0786317698281693
0.7338551340566046 0.4221023410699498 0.4228614491658727
0.07042021748570804 0.5483174278818335 0.9839721893042399
0.562074072940989 0.9824587573977874 1.0945291548957947
0.9566392980148524 0.08342626553937693 -0.0596391506691816
-0.07448876063732679 0.7564521674288662 0.1454036024424567
0.2682491020450548 0.8054480118188072 0.7217285164725391
0.2846893803319195 -0.1838199317197169 0.05526485855055274
-0.169472479691829 0.3005988969217921 0.059748953385435455
0.6027136088090441 0.23297672736314112 0.9745032785402847
-0.1168236094924564 0.2385117043981535 0.10614700119405229
0.8963491625493025 0.48494630320416654 0.5142597175689729
0.07027966593637824 -0.24754110207780178 1.171038545553814
0.9319818569536504 0.7391623275721682 0.6561388996342294
0.6918917072192035 0.642074600930078 0.5887589984984558
-0.7560324392466657 0.344415364388881 0.6411117280688441
0.3891181336125229 0.9650182849210973 -0.02867597641214714
-0.3479950554650628 -0.7184856144065987 0.5021888877274172
-0.7773324446107259 0.5429529147242989 0.047358111980528
0.3130718564838042 -0.8700040707221905 1.1479166246209045
-0.11790669015057098 0.1427086932208097 0.8470935581704437
0.4778250336078165 0.6102689194958013 0.12987469094541276
0.09192275755747037 -0.9547152638117096 0.9170599292965134
0.3892006142474542 0.9804273865026809 1.1052357789329075
-0.5314704178970506 -0.386363316635832 0.01636003599420338
-0.4790086185929072 -0.7759405281944511 0.13579778312776247
0.7453549222013427 0.9786286837074958 1.0284230367664895
