0.49739167193928546 -0.9412189109358382 0.7903078516045192
-0.4518252280132935 -0.44658188859633907 0.6743515043528392
-0.2506769583243105 0.6804177202379573 0.440015647915806
-0.4779712769664697 0.644630516311689 0.9006805481921989
0.809276575000079 -0.5674520816215716 0.9258193811035169
-0.3426651689907194 0.26242390768562074 0.5638842423221364
0.19069634481055853 -0.6876838877492772 0.5252584390896033
0.012801328322924688 0.9075923673780439 0.40040861135135536
0.104616646206942 0.20912204251904698 0.055814001337132435
-0.9555016719839597 0.6691798755003624 0.7344058567562064
-0.7467465541923992 0.005623139548412093 0.30438663782205605
-0.14440989379369262 -0.9941273316347472 0.7042243568862654
0.5890280842850428 -0.9030965014267247 0.11227870229489273
-0.9736731109978849 0.22893008369086254 0.9404685677627729
0.05464871422884099 -0.6362313920502749 0.2273334657973849
-0.6106935387568697 0.7147772800963099 0.6096032067079451
-0.30837847702883514 0.9162280655000943 -0.09106175580317434
-0.5594898871062093 -0.5456702570074325 0.4911923131440124
0.6054400665506103 0.6534187067085224 0.4781304048204191
0.1148482830936326 -0.634608040058227 0.27798178819622543
-0.10685423849695241 -0.7225258929085323 0.06231366172762598
0.5615248677326738 0.26418287527980167 0.6776967233659128
-0.5802687369564068 0.5564304976962735 -0.12354824945206726
0.945847285265264 -0.9363918081681897 0.3844363804243041
0.030269408702400025 0.4322373155959769 1.121311301469101
0.035304475005986546 -0.8762916274969941 0.4593070669936213
0.39204300561099426 -0.28089066175382116 1.1476048992482428
0.03551703105148296 -0.7439663622251669 0.6613004564863874
-0.8480946816715358 0.5670037222555049 0.4307706897577272
-0.7737022330810528 0.8038599692929933 0.09286371641416008
-0.16269953007292903 0.24960065537362586 0.4820805186552071
0.33328506357567345 0.692654088030819 0.274248948973385
0.9166756519343899 -0.2739225658291127 0.23124693260803425
-0.1554315252359062 0.3094380180492222 0.47185598219988684
-0.3203826761594044 -0.2096618225052469 0.4249648860451772
-0.877342443634834 0.6423594217978708 0.25286548678741444
-0.7862703150946535 -0.21766881614731592 0.06943409326009603
0.8666791822878688 0.4471333208279382 -0.09410253835297455
0.35824195772419665 0.8593211047498779 0.823386519527596
0.522188078926684 0.5757935633600089 1.132227316522782
0.6237466994965342 -0.6057860347232027 0.986236622403843
-0.8365436661609775 -0.5763785221704083 0.961133430859997
0.17931383783433352 0.44245859066824633 0.26569107252028923
-0.005281766810165012 -0.42742388498438877 0.4681666803808571
-0.5644012374567782 0.39411941472412604 0.3879204718269535
