0.42304640448805664 -0.4022802371532004 0.18826646764494154
-0.8511492885167358 0.9821148219466478 0.7691624125688112
0.5293937427450739 0.8227400352072038 -0.1337850715599602
0.9086814044224729 0.7034584145074321 0.002351818210151957
0.39499293307986894 -0.550145830991472 0.7788802241014983
0.30425166017895666 0.41938510444000476 0.620917290542842
0.3010528340416463 -0.4483849265265709 1.1575966149061476
0.5970406968587234 -0.8717561633689863 0.3171608465910983
-0.3463479511912213 0.34513398921296745 0.5678774292053215
-0.0054741095957488994 -0.49994266441408297 0.20551595244589244
-0.5392252292441584 -0.008757287122618251 0.8615372751470967
-0.6035538665631037 -0.9037606163737253 0.3655551833529747
0.9839206259902507 0.2612115873132512 0.42321697074533454
0.8417921176147285 0.8149599911604741 0.8183237406613677
0.134577923907373 0.051378451434297645 0.7858548730702353
0.20180697247110246 -0.9475747664831942 -0.14949381351317306
-0.04275118245039344 0.39260748381609933 0.8584304217653491
-0.7875342444472906 -0.47856473594827054 0.32081048003061646
0.2846137970351106 -0.8548163297299523 0.9644254469870341
0.9637006531551047 0.09725479914085566 1.077325425880075
-0.7226991489641694 -0.9810401744074841 0.025222793942356575
-0.8148926671738752 -0.35149141742967194 0.9701244923878676
0.7987844271753086 0.08055180636536252 0.20444331758449835
0.4560303446583658 -0.4958946217566449 0.7443779203878842
-0.296440645569781 0.9752394960175572 0.38194006037000133
0.37959396192182626 -0.6015023646726152 -0.06699809834854539
-0.5919598091235361 0.4672867085425443 0.48126849938119026
0.4221013661944659 0.6655432275789999 0.8403069940598893
-0.6880414106550843 0.13674013883804448 0.7902829585538031
-0.9709548460728337 -0.2654648052550084 0.52910503807408
0.9207576375488913 -0.5975400087306098 1.0748923018288015
-0.8185097526440588 -0.12123422860800592 0.963953600124537
-0.6413149897950159 0.4249589577108901 0.5357036553008951
0.2828870996765662 -0.214687560652701 1.1464455009408834
0.6638385315755919 -0.4728423264654247 0.04945023438571741
0.6682953796048232 -0.5437299658274461 0.5765762435136574
0.7692987634978494 0.5758162608341957 0.23359210923719798
0.7098996422765524 0.271538311209667 -0.036353307514113614
-0.039690345977175356 -0.5224295530249357 0.29835589564392573
-0.1864643002010451 0.5445707027255053 0.3275113026551088
-0.10110650580069813 0.5735613626152827 0.007878819916901064
-0.9288191957769654 -0.94221840497692 0.5508817527800975
0.8178410198445027 0.6444010290815259 0.28460583656434163
0.7950202711846839 -0.7610821386068312 -0.17696558697070153
0.714177381133988 -0.24191904777327933 0.6921895036118211
