0.01041672087376977 0.2564191400654694 0.6112342304228437
-0.3147833146296697 -0.2866297676562899 0.867537361718568
0.8705595192053313 0.23308193041025183 0.5730653632026854
0.02608361827552197 0.4650730120484441 0.11270598731407205
0.0513991628950623 -0.4746370409752052 0.8384802572480952
0.24331838738546785 0.017429853951210772 0.2125382353978602
0.6892182270240808 0.9739268404131212 0.8531880197620614
-0.9535462441556082 -0.7042498498402721 -0.10562171944765912
-0.01357556105681934 0.2555369041108737 0.9724423547508381
0.8389588214633543 -0.05608399924319851 0.7110851555706574
-0.7564676783144089 -0.988816293500709 0.6584564649739242
-0.5641944908834005 0.8970370617025756 0.4335185268106316
0.8800383888579939 0.031446980362497046 0.35698930271635826
0.07638903913365325 0.5049466945595211 0.7555706207111095
0.9550146393730454 -0.6406717799709407 0.3914032926038992
0.16651349715782593 0.38902787438071984 1.0227503977390435
-0.10450030138621735 -0.4034345912439121 -0.04573664395454974
0.4958353546956962 0.9921408793302657 1.01266935101882
0.05085497767830183 0.9464065483949047 0.29868568971885345
0.9780071209001067 -0.11875745818788541 1.061310526392069
0.5568400683660606 0.09185531677506575 0.8766037680799468
-0.14689921609267276 -0.393530538997491 0.996173804681662
-0.713147689326076 -0.22115147678517366 0.2743128433509635
-0.3109544464628502 -0.1398394001859209 -0.0945271893344844
0.10030721072224602 -0.8179819018590073 0.5558937971316948
-0.6598451423864651 -0.22115694066121727 -0.0818006346310218
0.949515240397099 -0.6010253830098926 0.058515209779394506
-0.5869599816928139 0.9648084732830859 0.3543556179281809
0.4172207151257321 -0.5515927786795636 0.0054313011015332535
0.9413132506741351 -0.4446400789851277 0.9830572995428162
0.48464237559295475 -0.27579688819275217 1.073471815880121
0.7674978309059071 -0.5604137205488366 0.9896764734051708
-0.790223862987727 -0.553636625971677 0.37661609342832386
-0.8618022535069463 -0.5207150675915695 0.33002578763121276
-0.7632430392747906 -0.6394590622645364 0.2941946385123083
-0.8611836770774115 0.6244813831658502 0.8043324743702476
0.2309132119851549 0.995137845801898 -0.08208111368273205
0.12075427490675184 0.7137836796933901 0.8744038775547831
-0.46173492682315076 0.8242132645422726 0.5129932974550175
0.37234723406295367 -0.032582164726129736 0.4799372199719482
0.818787516039887 -0.9332644462236335 0.8916621383709591
0.5522499530431966 0.48496030904220366 -0.11097777537075068
0.5110798803158985 0.9073198764602817 0.067337989730054
0.3257049361151716 0.24720450810745875 -0.040504001966262804
0.3849426907016804 -0.5356795470965865 0.07621743586853408
