0.12495258987634728 -0.29314542520273057 1.1948889188099308
0.01989294896809768 -0.5289003523168074 1.1322610847456125
-0.871813127939588 0.28756363788649364 0.5834369533113895
-0.26613446374425376 -0.5159700210998932 -0.07633005462414673
-0.77575969544593 -0.6564653750477194 -0.16916921659327339
-0.4837411276789261 0.7899307177797328 1.099987341819893
0.28129889496802574 0.21446956605720824 0.050701259434431545
0.32162941501622555 -0.5826367587602865 0.502494479434872
0.09250770198131275 0.47689259951324847 0.7947620015969461
-0.2828810619029367 -0.6751590682119939 0.015885793014668914
-0.35009878441048836 -0.3568773481380687 0.8380728874354428
-0.8607105788228444 0.6493925124775033 0.0027936628094089033
-0.5805016515412369 0.16172908587906587 0.8104611711354781
0.466433233257477 -0.7553679145068477 0.5511816060185388
0.39581548235225705 -0.5000812166388529 0.2223738054471796
0.30252509484118995 -0.5349022627362456 0.1795546059777427
-0.750752735711228 -0.7347948881699167 0.14177388406376035
0.4751250300806893 -0.6307289526916877 0.015472471050617692
0.7479001292769987 -0.2882376813858618 0.5738776614704024
-0.10936957126450952 -0.4007775591660534 0.9109502828236391
0.27526450672199765 -0.9242447359350192 0.21229205113361665
0.46085794934232105 -0.20681395082601806 0.992494402520723
0.5988739681648461 0.1210447270447772 0.30570396106062153
0.48887683689123884 -0.3518274309473908 0.9540747004092609
-0.265261541557265 0.8442182410930823 -0.02085392287136284
-0.6714981604625219 -0.762405857394181 0.710606517782052
0.11399091615921586 0.20921126096907905 1.0383580768212215
0.01273674794836488 0.49270267321098693 0.30886461963593953
0.07910696879952561 -0.7954772309005238 0.42971299670166846
-0.9666272659008783 0.2649486617539274 -0.09830065847609168
-0.11132847759095799 -0.46745786505036535 0.24700155971496218
0.5163701246048034 -0.5900986817540883 1.0802448468539232
0.9533179931466502 0.2466256302858325 0.4925724142645472
-0.13141573802506112 0.6394753530954946 -0.11119055127283872
-0.10988065580373041 0.7543238026080004 1.0375879075078682
-0.045649819645144696 -0.08064386952697533 0.6827500028693525
-0.23696958823702063 -0.8241235423890703 0.6707243865917674
0.8847519155952495 0.6802909580702954 1.1380341498155848
-0.3608319282405541 -0.5258571902138733 0.33443331900146406
-0.5964208052115865 -0.8433444680828011 0.20385142799573264
-0.3264094724557458 -0.33768103112214876 0.04162415167735778
0.892313759576369 -0.39934496123829843 0.32168497722771044
0.42139247871140983 0.4694030706734491 -0.10159284064824525
0.7655158599158995 -0.40562006586514965 0.10065355948135968
-0.0207386118891546 -0.4354536998080334 0.3388442938966109
