-0.3690992631635066 -0.6643340846804868 0.7760052749937159
-0.5356807089517173 0.277379574276849 0.1223305450376404
0.7962804673240518 0.997827453744595 0.6870889685629673
-0.9010467530507071 -0.7986730663052231 1.1952254974055532
0.053221270765152706 0.2939461965987762 1.007867604436049
-0.5799822521216835 0.8781537871191678 0.10854382360449188
0.7108741765794022 0.5532314579901594 1.1105155020666613
0.3799480561368245 -0.3658084581778114 0.29882774321080513
-0.7869736706871238 0.46717576445090203 0.246442625398965
-0.13709681662024464 0.2044622861596268 0.7692478417054738
-0.9968023353040913 -0.7430034531763909 0.4295568847619025
0.9767651791915628 0.24350878364823947 0.2608770874528535
-0.84715377411183 0.59766384780147 1.1086576002719308
-0.7821267885580012 -0.8111871863430713 0.5156661230727841
-0.47724352494828715 -0.2550279097004515 0.7675957270639202
0.7759592505405777 -0.563271198388474 0.5973116892141259
0.3272285559399375 0.823581665665188 1.0445129924104528
0.7604992509697617 0.19966085038606107 0.2970434514016139
0.20032279671150266 -0.7075287233045993 -0.06697726077243557
-0.4582898051021356 0.9141930685279438 0.050208541060946965
-0.9174339770009379 -0.7202130384138417 -0.18110677385929277
-0.0392262841631521 -0.8931153181922014 1.1568418492856936
0.7293970777778265 0.09084259431576003 0.013687406190224266
-0.3471258713909826 0.47635679291748345 1.167464693896873
0.9768894074523649 0.585516629225094 0.17858686650962463
0.6860628105660256 0.6288037058200244 -0.17776134562901924
-0.5457567799715082 -0.3074374397906863 -0.0981172983869287
-0.01813352475443475 0.20920351068225074 0.2406029598035882
0.5116163313537463 0.22830199346183044 0.5953557524835495
0.3845024439405549 0.47843829444850416 0.7665692793660328
-0.06877924832638538 0.6583774903378365 0.328040178234896
-0.7236041334963657 0.5783656375822201 0.09786016991707586
-0.826325802224505 0.42576979707861384 -0.11619481118667953
0.3944868648471891 0.2450899093455039 0.05051007287794762
-0.7049354247762594 0.4848852809490143 0.7738482790384766
0.5630316066926657 0.6817400152029274 0.9116249976819129
-0.11541731347640405 0.7953472231042291 0.11602206442214585
-0.11481346708100526 -0.3655709452836886 0.4363123458286547
-0.28153835529604065 0.6744407150179503 0.922200283343195
0.1898928715770074 -0.6772771601939356 0.7775323442360766
0.6740286493868615 -0.9765686458422462 1.0958705248976457
-0.714982423777969 -0.14925953936108316 -0.0036174711142270555
0.022318563957466342 0.4316183383482126 1.1358203469763986
-0.054707187140681235 -0.7683547935906065 0.4766721198637423
0.5847725689093357 -0.43311106552737777 1.1929879039748272
