0.4238259562884341 -0.8807368642662694 -0.009551123374455323
0.39747335168852227 0.9910305641296793 0.721529289780664
0.5321110320512135 -0.03068470057124384 0.4483547140039245
-0.6298931516892345 -0.7643903703494175 0.13486571963806315
-0.27628120285282165 0.46396078661002016 0.11942801280688814
-0.48998894113247093 -0.49845877303254893 0.7972146150089912
-0.20743295034651132 0.9315016043820192 0.7111657267219011
0.8629008649934451 0.3622099427148102 1.0949927001867115
-0.798502038243422 0.7704061666848743 0.9819229596815096
-0.12416389436702979 0.7860762792817038 0.7907598650696235
-0.5056003213561806 -0.45293238723365925 1.1893960171161297
0.49837159992265545 -0.7217120522616232 0.8965093379662983
0.22589596351416708 0.8298294744941943 0.9253155915318756
0.3856172442252297 -0.17816591716430819 0.851417900729643
0.8704542357154548 -0.3035621816043892 0.015448634624456614
0.4162867163650852 -0.6119844482667331 0.22884698243046958
0.4153309822180409 0.6193115726338398 0.8459573235184992
0.9668550648584058 -0.813143899337289 -0.17894988004869516
0.7259688761995098 0.91426364787292 0.6591570581855273
-0.9134251354377751 -0.23710889807496938 -0.1371136604700226
-0.29881808226444107 0.9149373535542071 0.13208635632736004
-0.28122683715607044 -0.15782033773580761 0.29451248345147657
0.9779585116747178 -0.2769635769630201 0.4037492969328041
0.8703960199408223 -0.3439565501620494 1.0649539559909285
-0.5991966402790241 -0.6402991373368303 0.9639817716776335
-0.6534543046500381 0.13485328356975423 0.6656109947651294
0.4649095043283398 -0.9717816459612545 0.3891526477474911
0.26719536856481363 0.9902032239537502 0.37066028842748394
-0.4697725245647555 0.7740826860220824 0.5419677398817131
0.30270537367496475 -0.5901076362575033 1.1148427289219636
-0.3840057294292205 0.2291443929285435 -0.032555607797782216
-0.42778157977660447 -0.7637736554241326 -0.06249241689772381
0.6857464188885902 0.2465937925091406 0.9771433930716371
0.7781424989917358 0.9449790723663203 -0.08605502353754284
-0.5931215571139445 0.41025092659410123 -0.12244309750423767
0.7162216532844545 -0.7621049255371026 0.5684206117440738
0.5537910133913604 -0.11670710360369707 0.44543290518087336
0.26689946186531 -0.7888512439622024 -0.027780676915126146
-0.154308334783688 0.19490319812647794 1.042888515532864
0.42507359323002736 -0.8640587917103864 0.939232603084323
0.905234497135118 0.35546632343622875 0.9791509394064328
0.9606526056504248 0.5454944544888589 0.978279620187126
0.24178445578592433 0.9472595060960558 0.9490438960773371
0.16394580041434303 -0.00872781219282981 1.133287737757144
0.2587193394194758 0.24416741210461645 1.0201239412035172
