0.31298078712530164 -0.4384383389289497 0.6279001646428708
-0.2992893399130234 0.6796223245263171 0.515102154787282
0.24547379094057242 -0.49322371103286256 0.7338916117236369
0.014610668478438393 -0.4229192424626118 0.3296072245017036
0.5796523606718771 0.7327143993276766 0.8583226580203434
-0.7280790392930061 -0.3476123038735379 0.318554499301882
-0.8999439584552307 -0.5803210642339807 0.5188701593369021
0.7623069408072647 -0.27552248489824205 0.8802689355506466
0.8174646810467949 -0.41806284712310515 0.44907332321276155
-0.5702804946786015 0.48488986712953785 0.53323706085546
0.8491643878324882 -0.7987563520104703 0.05600617601196334
-0.6080197560762495 -0.8459678415561727 -0.1685261969594842
0.6310424253386744 -0.301128228405118 0.07967995766160552
-0.4978043567918342 -0.22755991631298755 -0.0506928150029195
0.505145044843514 0.881103604371533 0.44632104790089216
-0.36347367277629683 -0.18019737100166644 -0.049544506096268426
0.35563744716267287 -0.7536255501985307 0.8499099046208105
-0.6702868857375093 -0.38230046525674144 1.0324185026882922
-0.6221185979994079 0.4625439333348733 -0.18047662278753362
0.863824535546381 -0.6991844291234088 1.124635246994954
-0.9653180948801501 -0.2501201021835182 0.4954414150137945
0.6262855163202412 0.14781401665607485 -0.09877185985433738
0.43834320981145747 -0.19905551433674273 0.6224363955142522
0.034134708911283784 -0.47225616151049454 0.9042041196677737
0.2203022999005877 0.9565736160888494 0.8220823563654147
0.8297839945015772 -0.8644339234217093 1.0967285638552968
-0.6556337890155339 0.921025861857407 0.14141320325699452
-0.8802910379607298 0.9936559882102518 0.7828119637973479
0.9557795868270988 0.09661832001671455 0.4969801357570455
0.30898872294573776 -0.9194144991430309 1.011742180338646
-0.6854174584935735 0.6049539503875561 0.9765058877084762
0.053253899650177905 0.1187526429542769 -0.08333622528449311
-0.47047562731284054 0.797091514786674 1.1351052775618746
0.6907596144545876 0.525897824468935 0.5278700936578546
-0.8118769679492821 -0.3284076861815768 0.29045556696211544
0.554049251340198 0.5081111812669961 -0.13576620726263364
-0.6343143592381424 0.7630968028537564 0.633383787333089
0.7554263194302933 0.8512213374164663 0.8956374611153626
-0.5502705304469624 -0.9692883815105473 0.049163091530053105
-0.25857816007001344 0.6665922945825682 0.2479569684762829
0.3170418282547782 0.7871024881463351 0.6080883084964477
0.9484203963675237 0.3829155212079063 0.9117178328151305
-0.635123993807144 -0.03526024805325223 0.22716719581635259
0.8848591101347918 0.9193357050165394 -0.04932538003954873
0.6604715656612294 0.79895701998526 0.6598554045304017
