0.9170349971328329 0.46267937871800324 -0.19601447939307615
-0.4606109140346555 -0.6055869184085272 0.24936432569123412
-0.2164169632960533 0.05931428941138028 0.8642632051251535
0.790406266736009 0.18631564093524422 0.7552394901724739
0.13911605863742338 -0.5259874529462747 0.943728172594275
-0.0011743650785223103 0.7103686590956819 1.0184373074060173
-0.995862980193303 0.40741098600943704 0.10499620147833427
0.8561965907944558 0.6191914890805978 -0.0896566982786213
0.6099414908955236 -0.19440730751142454 0.5004459841902049
-0.7306945995070311 0.6040100018884027 0.18131944134684358
0.38244976301515066 0.14993150224000762 0.04616155300728739
-0.7403046653624545 -0.5149545656281573 0.8106565306079945
0.09564885348994667 -0.5328782873989859 -0.04603110941192029
-0.49645794108899 -0.10645141216915777 0.9208228404719923
-0.6158032848092554 0.5863904424418434 0.23131155628057082
0.40521373900241 -0.8373356750948935 0.0320058717357016
-0.6838487793545744 -0.8380028653719431 -0.10984902061834123
-0.30656676841168773 -0.061195002608000815 0.6205821856769389
0.5417190675698609 -0.007993482458883205 0.6424725778802161
-0.274857970470997 0.196988176418196 0.8172535969695223
0.5756162149013981 0.3738673881707948 0.684611872966761
-0.5680727605454325 -0.859773198513943 -0.17053651463728658
-0.813087559344347 0.5582764220419489 0.11729644803284883
-0.39836326408357725 -0.06730870347826579 0.9118651562859927
-0.8471736780741284 0.43152565358406214 0.517456125809713
-0.35572046882284525 0.7432057129930036 0.0924474304391289
0.21580872934828776 0.7239173510873083 0.09646176714488175
0.3913135809682722 0.918143929021592 0.2219990531785191
-0.8249380265294883 0.03180195684212195 0.37773007530109465
-0.49701508294005325 -0.5558449385507491 0.7587632171241705
0.21228697596482826 0.06648130897222826 0.27039331531482297
0.031105335421045766 -0.4254222752652088 0.17886753150838086
-0.3030575442174832 0.13716836553102985 0.07320788723280724
0.5057298917891908 -0.9705981902247485 0.49285492890306454
0.6904652913463698 0.7694684536439429 0.608547413423346
-0.9764020552905555 -0.04434367645619064 0.1499220543385109
-0.9770347637544026 -0.14931479099504918 0.7353189306693371
0.9498971581952624 0.788483714108795 0.5478429309527535
-0.8683522844088052 0.941957055816691 -0.08120388815516995
0.37190840068301845 -0.28188400394081237 0.29414422847937205
-0.9418695660083352 -0.8492696887007727 0.7052490343512186
0.782405655193416 0.2649471453048666 0.9764331981206738
-0.8416909011190166 -0.5471593055122974 -0.1082877141207819
0.941284279621361 -0.8498985616353882 1.1345145948157283
-0.7726405102467249 -0.6387543053163398 1.0380899572192297
