-0.9593204925863374 -0.8715208590956243 0.937274764628167
-0.2034949454818873 0.8410897688250774 0.1324211203078069
0.33465966080947074 0.6265900256571415 0.9472659108739816
-0.4110288839844092 0.51492746483049 0.7456842961478087
0.1392634096815859 0.5183271537995882 1.175173532936085
0.9114337385990048 0.7173685936264327 -0.05364812584735332
0.381019460742537 -0.03847545424595 0.6638321537649323
-0.522928286656934 0.8660277604403737 1.0899970266922834
0.15109875678138884 -0.5244032461146999 0.6314599439366533
-0.7303730798501198 -0.881223858309216 0.24094217377536464
-0.15484192923762619 -0.6487171658327573 0.7535148786968275
-0.7135339750882419 -0.9857452977325576 0.9191745909659328
-0.6824766969871809 -0.7023935995019961 0.8329547781742621
0.9721770107854346 0.5761521942118288 0.10931157980534228
-0.6644229406277877 0.20575017728400513 0.5297272345701975
0.3950014676572311 -0.17204165447923447 1.0697067495781387
0.27674712433503834 -0.8768250117031471 0.4855885619621398
-0.6463014416867572 -0.2237491361103512 1.0404112579631417
0.422661111602338 0.2148006995312206 0.05674837569990432
-0.89287655896812 0.06162762422746271 -0.07775002412846643
0.7472276501728841 0.6078526574018588 0.5413738000725756
-0.7610267533931507 -0.8290679582146019 0.33866431045702533
0.2180079078649131 0.2538576063603559 0.6567068116117203
-0.974505845378338 -0.2399339581808968 0.20158293940745514
-0.9548802127497749 0.6393027076003419 0.630348847313134
-0.42636068719687814 -0.7545997459894835 0.2555651216364033
-0.07851934157528451 0.888682879094451 1.1281575405261162
-0.3355939752155699 -0.18875534558890972 -0.11416020378720004
0.006899325331394923 0.46850666579692235 0.38254212902886936
-0.44083975024889255 -0.08161362215593049 -0.09168109355025528
-0.9089735512238613 0.5075567534363215 0.6277969410733641
-0.4072324033684891 -0.28496082436274084 0.16425125524010592
-0.9790073310341085 0.9749579945631659 1.1503823546623728
0.2708318188383043 0.1982926479245628 0.22454705824190435
0.7068704494331552 -0.4954497861275613 0.34436721932281694
-0.41398885991472767 -0.8126543017214443 -0.017894761187835784
-0.9603088045242931 -0.4484049234376293 0.7715145394320324
0.3713967345813525 -0.0488794533157475 -0.11810644223820267
-0.8176163206572531 0.4165961664747331 0.9984294357146712
0.7947220175811134 0.07777988548431347 1.107599940567886
-0.6344197866763543 -0.4856917232767648 0.7920128990519821
0.9215797165028388 0.3173316326087108 0.33548865272100653
0.6750515043276153 0.29544308377975304 0.8123031470503999
-0.39779411367790707 -0.05445585061285718 0.7756428015993475
-0.8719548313394156 0.948802492527647 0.5908319257193582
