-0.12981994252278062 -0.22277398832562634 0.6746795696554617
-0.15173328403733066 -0.49888025404058145 0.5008514697860227
0.0343361179211743 -0.2576753433363421 0.5079676777672297
0.9662840464073412 0.5423594588939653 0.5402800400165693
-0.7593616860531118 -0.33845671666789223 0.07304258524657864
-0.41034361057637647 -0.16153039503482503 -0.1574824285310439
0.4844062445785724 -0.9282329995685474 0.39779268414265706
-0.8193881791654702 0.18953774903981135 -0.013401138679982272
0.5474071125763649 -0.7899334511827221 0.8930358702474914
0.621074655162327 -0.21263011051760317 0.7192171371932872
0.18514570706103228 -0.26331570396342885 -0.15072174803867766
-0.49544872185159283 0.1615159462246878 0.984622102953796
-0.6878507621739698 -0.0578203156682926 1.0670626940704164
0.3532958928591923 0.028884840040812376 0.011344100662119827
0.709041487490389 0.07655964657857628 0.4094880514137648
-0.3846789490146776 -0.43164731111380306 0.7633055302602747
-0.5525177300527446 0.642755303353933 0.5438145963837058
-0.43035264662389316 -0.3061837346649987 0.11466485964652334
0.05773903607389674 0.5866056642110165 0.2296713960216475
-0.07619948737002136 -0.21153962711060403 0.24021628273534712
0.7834335795967942 0.05127138599590153 0.8309230025376788
-0.05105557630990387 -0.27690311924501776 1.0276857065844427
0.11108259208177662 -0.48556320366067784 0.20487959314139337
0.11091445695408186 0.017401802316701964 0.9770475008444532
-0.7941321634155851 0.12024727594700235 -0.14704501098764786
0.8475313174633523 0.5996744562720338 0.36894590518203657
0.5959867679869486 0.3207320393371791 0.46348688786856546
0.36706667093510936 -0.2890008096575549 0.28826099165774843
-0.9482821561837185 0.23277619770654945 0.11605469312304872
0.9752068770632965 0.6512172923635537 0.1390529310655197
-0.7923455781147766 -0.8264903833665298 -0.15647890863445485
-0.7600270441191892 0.6926188483214055 0.08171854306915499
0.9695893678371732 0.7450595196176351 0.808889218676669
0.29204109433691516 -0.1572405687967342 0.07647430081449813
0.718521918134178 -0.5118536756334311 0.022171723241670716
0.40605504856939034 0.5352794416369453 0.8294743780653653
0.8315647237151225 -0.22557763803443076 -0.12629133164465264
-0.7579649406263957 0.9925639098757422 0.7170803095830736
-0.5082944418683373 0.11048483159916711 0.743662134952443
-0.2556364452754021 0.38144124879592 -0.0430503765941318
0.021841529816806204 -0.5001769646663534 0.42758686593450496
-0.806414851066463 0.1447399469540469 0.1076123641240963
-0.6682842507210864 0.4485236295124515 0.1925930593128206
-0.5516021302026937 -0.5508371696090697 0.8741493164522289
0.8089022318881374 -0.12323512550234006 0.3086538109582922
