-0.7929306014282633 0.3163784854073788 0.5002672820826366
-0.8129509548421039 -0.5508843073716159 1.0803824499365586
-0.7899889440940078 -0.6931007927028288 0.20600231735023528
-0.11742997086522622 -0.26046939128109003 0.945467034554127
0.5107201166492443 -0.6425041771962596 -0.15149048871660273
0.6208686447407317 -0.7649525386129574 1.009729517429324
0.5530315831036039 0.28597095958081 0.18452688891861863
-0.39373626351304014 -0.8321905156590415 -0.1275217330994086
0.3669166991576067 -0.9368333980019867 0.6491432286291063
-0.18617703397325802 0.5303479789098882 0.20225660887972702
0.8184513731643095 -0.9140882812349267 -0.17151538125185536
-0.4479929489622736 -0.9653149068370168 -0.05587566938698074
-0.7981387648791038 -0.05978945664266555 -0.15613671401604395
-0.537799395042851 -0.19254143099211096 1.0567706603573475
0.5304945348908405 -0.23557383298290913 0.3849821849660518
-0.8179752227250079 -0.9884987980189492 -0.11165503562842635
0.31059812083806704 0.5784651611624154 -0.1887428658366427
0.5634828541446355 -0.6579345653199404 1.036164144913169
-0.47993440879364013 -0.5187747261427211 0.2944551257267544
-0.11334518468643018 0.6627225363051419 -0.03241593658211195
0.8673610882154597 0.33018272312723185 1.1809750364055975
-0.5924496292569337 0.43137366912448427 0.16350682832534208
-0.23330692841585288 0.015980112296035465 0.4465289808099971
-0.26028551383569787 0.02880397629176179 0.08352953954696196
-0.9748750339950423 -0.016494347872255455 -0.02680006685012981
-0.28261071913954994 -0.00379144182340152 -0.035126880265118926
0.3978678676990288 -0.2083194511145554 0.9631054464171847
-0.18313043150657493 -0.7396062351972503 -0.04398385118893561
0.9887214398031565 -0.5384413971970954 0.7372297672096007
-0.9397640626009984 -0.7010248345303083 0.9357277378648428
-0.21675542607372322 0.897892404534981 1.0966028413015045
0.9962895444918747 -0.9546012503038841 0.9778905438090126
-0.6314850452600844 -0.8206086950321341 0.28303651442026556
0.9249685736180324 0.0689058053828111 0.9186010684810249
-0.9048183604655529 -0.2871247604613354 0.47777852556312844
-0.9973881852359772 -0.8248477327034138 0.43846610065258323
0.5199535454383568 0.6920200627156641 -0.15660676680458
0.9155824446431318 -0.09695022892566674 0.7876692012692892
0.4261464560067596 0.21173352137936563 -0.11864207977983547
0.22864941115591675 0.2285928498033103 0.1741493857997095
0.664921609034764 0.9899837850179996 0.07233508968622565
0.004028028881220225 -0.21114160451825859 -0.15755013787618966
0.7827724078845015 -0.42330458777510493 0.8141338347672276
0.20507215884973462 -0.25131703211862755 0.25481510011283814
-0.2396017145503313 -0.5392508333634118 -0.08405236325556975
