-0.3949223409018898 -0.8566490475362991 0.8219983006363201
0.19949710678166066 -0.18555309573884915 1.020870740783912
-0.08666094963805704 0.16303384353107853 0.7156296917932643
0.1969383461167027 0.36170430331596526 0.2961148846716643
0.47776164799167264 0.8922618503564845 0.7747624976031258
-0.9031161845293929 0.6039378874701076 -0.03654819528960129
-0.9743978643988709 0.7983515354876745 0.7674401213960103
-0.2696754268119703 0.989698578752352 0.3673268209310622
0.4096432200948228 -0.19329853473524117 1.1840249929316755
0.22577812913880324 -0.3083477646499617 0.32841918248933283
-0.0889984603381071 -0.6713077331536355 0.1324983193308154
-0.8113793642805354 0.524052039388341 0.5508923608124718
-0.6123129858026612 -0.3971641998134601 0.8246249103396761
-0.6261159018382512 0.30627481893640884 0.0327325439263525
0.47315237229221574 0.8342091570949233 1.086976417106146
-0.6684154985224786 0.25617689287830925 -0.05424586163543557
0.06733851385931278 -0.6206271289443817 0.871229395085279
-0.8688630950317235 0.9076864276822953 0.25371989779090504
0.009913559475583256 0.5883989177293545 0.6939071049310888
-0.7991223282669029 0.4655490410013905 -0.18189238483991832
0.6803082379468941 0.6441431689216344 0.642097415642767
-0.2735124412123011 0.8415232167210851 0.739205063374299
0.3416602579678554 0.23257831607304102 0.2578947154718888
0.8239590323139763 -0.8801587515546636 0.6402845580020033
-0.47780092274028907 0.9157817444129501 0.8091483141140332
0.9335306826833523 0.5465083323872997 1.061876593277215
0.5948467261505139 -0.7534749036025585 0.27057448192319755
-0.6499747380150924 -0.2890417365084421 0.6641628485808242
0.6809117151009711 -0.6824930345527651 0.19204690243547629
-0.2944414854548836 0.20931946024130532 1.1264910838742153
-0.3672899144794728 0.4219847672526138 1.1806459167411993
0.5733472257803489 -0.5371340434354219 0.7254951905329394
0.1913220876841366 -0.458771827143609 1.1964231015482807
0.16524634594198484 0.5666484398374425 1.1835921871394468
-0.8119239537772995 -0.3780176129062933 0.7645461183850586
-0.5510506755316988 0.9109842978517755 0.5532247027412847
0.14586453043933045 0.5153711330735398 -0.053052203949093546
0.42600604446428636 0.8248358340938484 0.996564804894227
0.2799370755958055 -0.02782326226362719 1.137931873591178
0.9836239394375317 0.8285439564792576 0.8732448334890934
-0.4605404511873248 -0.7906131797597145 0.3112178585743752
-0.6601074764475048 -0.7335032596686191 0.7722797783725455
-0.5217830459101256 0.8736863407388358 1.0190758518498668
-0.33260033423349467 -0.37730965834574137 0.7572151856444735
-0.011279288722038094 0.7411094944355723 0.3254039980279609
