0.24846242657016138 -0.4050823245370949 0.6395109651698367
0.986288679364955 0.40143290215826877 0.7745226905568334
-0.8617136614652163 -0.32876985404607284 0.31221177734922717
0.2909944100916124 -0.48893401089528954 0.6286566269680682
0.5263024671595344 0.5698021748461191 0.8095858063596311
0.9808637199693511 -0.05080160496071762 0.158450935649251
-0.04456992355161815 -0.9859632282755655 1.1856236224775802
0.4288614691410353 -0.3652897228785905 1.1249464844930637
0.5650626267787879 -0.9649607726689742 0.7322554423795471
-0.19074712183077902 0.6238067203559645 0.506854198846558
0.42532391969072547 0.5061616555322277 0.8076634694248477
-0.9693099559306932 0.27488104249867673 0.4476233169254253
-0.2963921410718253 -0.7208287440944401 0.6490932290682534
-0.17918751803058575 0.2405389829156257 -0.0876802809523461
0.028693073239318023 -0.4723358767169106 0.5232382310423942
0.17639384621796284 0.13692883022277713 0.05054052270852455
-0.39755690916209807 -0.6303206142317659 0.81768045322746
-0.3423294881131629 -0.22218270010837893 -0.05262409146052624
-0.370533272310539 -0.1696863735579115 0.5487944210243603
-0.7799177277080582 0.9810363152166748 0.08299872398683844
-0.057641737310060615 0.3946629923146452 -0.1333163833704552
0.9758308657493573 -0.47260225065152084 0.7319849367177218
-0.6252139755661119 -0.9649279843321867 0.577343923545196
0.3929215986681749 0.6061355595047917 -0.1426547418343605
0.7934958008425514 0.7425044559805491 1.0477055269824502
-0.7704204304888436 0.702063995094981 -0.027572313413877503
0.21729984959255044 0.4963438808411582 0.201220933732756
-0.25691871756195694 -0.5695653769609432 0.9878211704007531
0.812893035958713 -0.39593275596098376 1.1432339992925702
-0.9412183568736219 0.7600788331897916 0.5935234812104027
0.22404620268477626 0.7529895533916233 0.6189092159664005
0.20493482160689602 0.5191362494530525 1.1570614288000818
0.7709290555698312 -0.8420167398025962 0.8196197931887461
0.2723542558029932 -0.9078352919936985 1.052753162856103
-0.906160802569943 -0.1506131496968237 0.30781860008540823
-0.6318219000199643 0.3692605912444604 0.9813348904913877
-0.9699999369118317 -0.5058856429195548 0.14316579505747956
-0.8731775284960626 -0.9800269519689093 0.7458136903471269
0.8724959515209267 0.17207494479741436 0.3274469104528314
0.5592520266511716 -0.307281975980793 -0.0808949172952117
0.9482884853577374 -0.021478441013979443 0.9097329273530412
-0.3255219990393543 0.225177321372533 0.3830467036236967
0.9816153720224003 0.40876251405050734 0.11165626631767489
-0.7994708523655796 -0.5099784012906685 0.1344699789195119
0.9313266231717554 0.24884359471159945 -0.19696852383883787
