-0.4508903594129321 0.6452321206101044 0.9531082598044249
-0.8553646234557313 0.08949185422932304 0.5377240968347488
-0.3245527594416935 0.06040809927118773 0.37894325510624377
-0.8451183778733085 0.2117384985898556 0.2722274026735464
-0.9480940500004018 0.47433853833581896 -0.12050664033580842
-0.3378125419871032 -0.046982209786432305 -0.0158674320488828
0.6160118112522996 -0.5582685422032401 0.01031360020134034
0.7678336990688375 -0.37387114950877676 1.0237013789682456
-0.9782839760579685 -0.7962280053798401 0.4919974026582014
0.8159500532894091 0.8307661841409304 0.61318933538466
-0.5673337896783801 0.44999443046347953 0.37368370930692935
0.4881678688940261 0.11860413753251042 0.9926766079050349
-0.9005417680906993 0.8858906121608401 0.9595267066398909
0.8106957032015729 0.487564712352645 0.4367713010583462
-0.2680444547773462 -0.15212337682174915 1.0184904679324467
-0.5481202331650683 0.46463510564540367 0.8025560892628802
-0.9135670783574701 -0.15181066780139663 0.3011223057165174
0.7971385857442399 0.4910056444131172 -0.02371237002207932
-0.04444936040315084 0.69785098605107 0.6651504397514449
0.8850807148508995 -0.9104425097629378 0.40322737136466397
0.9906282151719832 0.027964635465390852 0.7513019281312205
0.66786277595187 -0.8221214574331694 0.8600932631853269
-0.16596412696411056 0.5188938347984471 0.18831636093696513
-0.17675537724575086 -0.6213341610943663 -0.13832249181579104
-0.324371571160907 0.9393486366394315 -0.010305502173252101
0.8925103882618375 0.7221183647459617 1.0198564140927735
-0.4821912772345407 0.6517971338367692 0.9281512443544646
0.27171025775999014 0.536314048270996 0.3054290181632587
0.8043702186588297 -0.9337247997036777 0.6387119639391858
-0.2907285623537148 -0.43693453193787213 1.1671893097249133
-0.8702165724932378 0.9382637173320494 0.21932712823984307
0.8421971507591222 0.8684916207912374 0.5933250075387613
-0.550188412916593 -0.9457285136908353 0.7407853079671802
-0.6794404753081393 -0.5879900228295203 0.7671233079041906
0.6722441929082181 -0.31031505170970575 0.9026817501892588
-0.6654925703266301 -0.5539716477474379 0.9314919531094101
0.7006899177341523 0.034180768988479215 0.2129405859202535
0.8620050605669605 -0.8406270016703337 1.1879761411377086
-0.011869423083419317 -0.7746901879307213 0.38336227119724237
0.664648762480029 0.8466675889674129 0.671591324846118
0.6626499532195589 -0.09130769076902956 0.9796910727268422
0.678481360301695 -0.1154597703598157 0.146329351173893
0.7495174126142476 0.45544002678300055 0.18290089890896305
-0.07032634080792466 0.2910176422681974 0.15958074378073211
0.7462146998796277 -0.3024350555468318 0.547427820756172
