0.6834628104215705 0.047779332605963454 0.21076286855010873
-0.43336486011098363 -0.8185696572068055 0.2026449359907832
0.6444358274067079 -0.4292593039229067 1.1562583237601491
-0.9395444133764244 -0.010601328853940162 0.9428153714293044
-0.5321901185558713 -0.31324100719299897 0.979262485580549
0.16599774844373094 -0.9031160047565772 0.21035812590357172
0.5508053887308815 0.030365422522327545 0.8234703706775479
-0.6332186419807022 -0.6021734856557011 0.06525337713684148
0.32268932674088324 -0.9661059051586052 0.7333613201706219
-0.6444264458941789 -0.6169596772807171 0.413057025634117
-0.47649473105094486 -0.5536509037740551 0.9763834088440391
-0.7375140283777286 0.9831563049470629 0.02894622680888609
-0.287474036702666 0.8395085313453465 0.5967472998206897
0.6596300240754362 -0.17743149929784363 0.6882172538605247
-0.40451255638541417 0.40985922134066377 0.9301801900577158
0.36903891599257954 -0.40939698604308794 0.6803730656307363
-0.37271152444169564 -0.7977066687027987 -0.06454641025762023
0.12139874620373625 0.4313797743566059 0.5427892288781604
0.8900138252971712 0.9917408354268795 -0.03581259973736306
0.10216200697325717 0.8553518144873922 0.6796147313926895
0.672327837719239 0.10970069722572195 0.4604598711418894
-0.6147357208608242 -0.009596217430289933 0.16387167304096678
-0.7802904833651314 -0.3228999514276334 0.4801457289114897
-0.6944516313695808 -0.0615799410473592 0.6919035963642595
0.10254680505074587 -0.2162319473429668 0.7170917762100628
0.14082397907089295 0.7182704987311155 0.06913707568719574
-0.8441909203631937 0.30870666153722315 0.7508028484757998
0.38845174425988893 -0.9545942814679385 1.1354076070013517
0.6195601615034556 -0.9975875649504788 0.09812355442411724
-0.15470710100520813 -0.7986666336129784 0.7708812932124858
