0.1977385829809708 -0.7546132687437561 0.8992385679181647
0.7261935799581869 0.42466790153493217 -0.143488694384481
-0.6782017671336908 0.140260335919836 0.3448452461431675
0.1170206453805438 -0.4695311672197573 0.687608434883024
-0.8893398011913705 0.7752297163757782 0.522201307490699
-0.24753822891467392 -0.3820260533099815 0.1301848315944127
-0.2860502845377517 -0.7954905418183371 0.04168958457705174
0.44002185845434205 -0.47405037870460953 0.6016396568075835
0.3798101926876043 -0.007651228606703864 -0.1794640599035368
-0.168016210559931 0.7046868818724445 -0.05490679543850471
0.4221359571199699 -0.6700119764279233 -0.13139880737203777
-0.16954391344708575 0.9470585126070608 0.8742487259639664
-0.8420332911436814 -0.2664006809097672 0.6361072110050017
-0.47173219314562465 -0.5102363211442469 1.016269142200041
-0.11380785600359355 -0.47663862333748996 1.1033377288509265
0.2902724201377427 0.16256529656365615 1.0133771644179699
-0.7493158433327949 0.24727502633758425 0.7740104407486528
0.15212088275991875 0.412733232385297 0.24948490403136647
-0.09860703768076529 0.6410787702793972 0.15096206078178498
0.14185995259864725 -0.41714750224447705 -0.11422480644041152
-0.7337102654832373 -0.9393796279450484 0.21826324322040136
0.6675725199464608 0.297480581101252 0.16566735842270658
0.9887575174493017 -0.5390419970630045 0.43074909124166555
-0.19345175553010585 0.9592334770240956 -0.12916379749693796
0.5762837230858653 -0.12337715498705171 0.23311463266266558
-0.5152118145809061 0.9130138979849671 0.4245333221213132
-0.9744832116839999 0.8602392226987012 0.19137355799306482
0.8235226741275665 0.15889728929489721 0.998722049083709
-0.6352447023184637 -0.32079890130141164 0.5249720760293604
-0.5457284538495626 -0.705245294143209 -0.018697193830756936
