0.7562562402678268 -0.7531752426154363 0.6882629129710642
-0.31595828818011396 -0.5406627051688577 0.10478369511921998
0.16732131913333803 0.3020033940719047 0.07731138842807828
-0.8899825211503325 -0.3692262568737188 0.862295478789993
0.8572407167016258 -0.7884699348222703 0.6494505540933231
-0.3305080832183387 0.26135050785851033 0.9912383187483915
0.10198919205269807 -0.5426099834420051 0.028198750849899312
0.4280877181399838 -0.6422174274988344 0.7815954241779668
-0.6058790360533011 0.031016207190392997 0.9961856534107008
-0.20657841546342404 0.0004011915553729928 0.42917054337419774
-0.2510750831397539 -0.29060633564627736 0.09895708013203958
0.8229419206085637 0.2758717958708965 0.096111039722865
0.12058640816671429 -0.4531358924570399 0.7135901791328616
0.08845886191490471 -0.6309054876520914 0.468633346191543
-0.696521965497964 -0.9054220836921427 0.22873296887610606
-0.8086009429928791 -0.5779695372413001 0.6646240520028708
-0.32426442229628405 0.4497968122360849 -0.17124254660669322
-0.07418863273325371 -0.469897900226973 0.18651750971165154
0.9942044515523096 -0.08407332990189675 -0.12219722535205273
-0.3141248991229404 0.03448201898161396 0.021482783755889745
0.3541937577247971 -0.15748454613833762 -0.010267637100267957
0.7598024765643896 -0.14036214357905163 0.8685015201965123
0.42296295293168074 0.28188997194309096 -0.06524913827635345
-0.1882269929037228 0.47863393645222696 0.9335485572425348
-0.5701995504217923 0.10368588485801378 0.745927035524808
-0.2063639077566497 0.3150449179531596 0.38075749631782335
-0.3901785685359185 0.7504427626499766 0.7584666225090808
-0.8895448542303779 -0.0037524453807278313 1.0362945709636733
-0.24245098568043533 -0.4601103392144945 0.6103504698051934
-0.7122650178956245 -0.547532676954881 0.43123803014086953
