-0.12096081425928573 0.9957963244118391 0.7415735468414368
-0.16452022538836575 -0.02993954724723502 0.9989374953378265
-0.53341702678693 -0.8354610410556711 0.7691182913735877
0.6829292468680661 -0.6248096346426137 0.95911568972745
-0.15335711988250167 -0.6144045674963012 0.4114720001756221
-0.07182897973686675 -0.850618394411752 0.9601382688471669
0.6663737885254268 -0.1047534720838661 0.35006887265110326
0.7046806438053259 -0.6502829464793372 0.8271576384558466
-0.5603411281910171 0.26978726758733185 0.7307362337119259
0.6137273685309159 -0.45236344334479295 1.1078274051371078
-0.007410842534367523 0.3798036585857576 1.0915169084141312
0.3822912877976905 -0.4419355500581126 -0.1121188798354185
-0.11267138523104214 -0.06785630436299761 0.7337825333261658
0.6055288934683207 0.5717890286217817 1.0958324867598306
0.3919509586702883 0.6638153791951258 0.16791863951976221
-0.9462810800163015 -0.2888162621827297 0.841471060968561
-0.9085143807887088 -0.7297843621344831 0.9928797472011517
0.652053325024196 0.27560853171914923 0.33050494287313165
0.8775585094152261 -0.24742324714009345 0.27891537975722774
-0.8961267593929445 0.15365142900175255 0.5292332779279083
0.6427104820884573 -0.4172270988718956 0.13104491249498668
-0.7694733766527992 -0.27210676099514775 0.7232884912611841
0.7223405559377989 0.9821204512414814 0.05599360816688326
0.9960118604530865 -0.40040398550810563 -0.12734708779200374
0.5900202824686325 0.7326008518043872 0.5265029939840573
0.5984462851985086 0.5473739420938053 -0.1821926965239223
0.29562887528966586 0.7616434882864631 -0.1058736483533545
-0.46115831735878543 -0.13804925231912613 0.39933924432702256
-0.20010229137200142 0.5802362030444976 0.09047267172262141
-0.5482872049903194 -0.40406512453075893 0.512664671574939
