-0.5906665046800688 -0.6667782719258666 0.5293595016884565
0.522513344220922 0.3201253407065825 0.9376895652155877
-0.8966060519528511 0.07640336847208418 0.7750476204601582
0.91396457616269 0.3973367664130194 1.1067566197904926
0.5606483846018215 -0.9036056855079602 -0.16717592558154787
-0.2543933264589471 -0.12371339413639326 0.3179455037887869
-0.4753132423763835 -0.9948795429019459 0.7872969165982664
-0.037615981197234305 -0.6713919565879265 -0.06734573437362154
0.05118752192553333 -0.6073557778552392 0.1513010378414913
0.47793331352848933 -0.4793672891273264 0.023696777681936176
-0.6525366619890842 0.4079850427209706 0.6496736019550877
0.8636231195400801 -0.6780026927805389 0.9356911098185505
-0.15341587178959792 -0.35078346563505036 0.4021344306543148
-0.4854417177787802 -0.03533311412584861 0.20230133086237606
-0.3413203945859349 0.8131190654909772 0.6888917769478091
-0.9802338550643488 -0.8343420704876459 -0.03458529323308304
0.02388002072562445 0.6977999847129974 0.49383700021543947
0.5052009828372508 -0.001688335887551684 1.0796619913364192
-0.6829708540808548 -0.23606614559364303 0.30983840974006366
-0.6636403923085772 -0.5522792462008681 0.5552678019601944
-0.48360413918960177 0.2860230556136958 0.31705092095462367
-0.6545640837811948 -0.7277725917887792 1.0608361214090123
-0.32546537950218357 -0.29160499537583506 0.5828495836357743
-0.14358252792485793 0.4709089537141433 0.4002015767605232
-0.3906178508009126 -0.40451913888552515 0.4045543413984671
-0.4500021251334656 0.7109167472433164 0.17324727810836776
-0.34654421089670295 -0.8445040558318098 0.3025876227695818
0.4717580526002698 -0.6686468256026599 -0.03165941771683836
-0.03245737559383488 0.23021894426155365 0.8104547776992321
-0.7611520922072728 -0.8731694403012173 0.5761195612887087
