-0.8730916441595498 -0.16571723241474734 0.6811384015143087
0.6162601979397777 -0.22216534232286556 0.6302340812183771
-0.9443914205663468 -0.8968738484077763 0.9851001023574091
-0.5382376333501444 0.9714395307910242 0.12449036438510624
-0.3673367255720894 -0.22163650526766276 1.1904632097162917
0.20791640624648244 0.24811737587483274 8.712455424941812e-06
-0.9054859618241768 -0.4132884365536318 0.2402352672395227
0.14601250999496673 -0.3270603837482844 -0.09110589301467455
-0.27883338399686 0.24129100936629966 -0.19019231351415922
0.27933761687727654 0.35944448819098174 0.5508130685256107
0.6376351222037504 0.5756100230422965 0.8624560117192026
0.7715386651886096 0.37156152964354794 1.0665213096403114
-0.8472645490797308 -0.7702962125496482 0.7132395061804495
-0.013969680384748662 -0.6900664670090855 0.5416534600336056
-0.4032530600643647 -0.7780771761330751 0.339045376054169
0.731996938109619 -0.41312377486608565 0.5528910643196736
0.222543105413479 -0.24886746745702149 0.6201828751792744
0.9924676842173707 0.6433222580184501 0.8729828489171452
0.38889140572504854 -0.2808410002150321 0.7473897667604688
0.7914023869235594 0.14524638343329266 -0.041192999477119546
0.47959409010021914 -0.9337520927840932 0.9335664509648345
0.5174088414624274 0.06268533587275904 0.04159076709221657
0.315805863727566 -0.6302273574155264 -0.12720081366914326
0.45950922848170994 -0.23965857932192525 0.41530237936589415
-0.5680639207753859 -0.3482701896761202 1.0982765411556432
-0.06279744910995655 -0.971100032537737 0.6026886608227253
-0.2675840721127427 0.04016618493993995 1.1600970349692792
0.08873265203513814 -0.9145313028762565 -0.1582613296345654
-0.35686687307699017 0.5893634965632126 0.24671249676976492
0.4380557646718073 0.3537009619742566 -0.032991658049361466
