0.3810714188829698 -0.644295802074516 0.4263421045977435
0.22533869170106513 -0.44161055802539684 1.0880117764841177
0.9847109987175651 0.6638870100071104 0.19813331166608694
0.4537700428943068 -0.029888432173186485 0.81817504421353
-0.9033141426108162 0.15550827601224282 -0.10158484937411032
-0.6515407687086612 0.2106753209736556 0.29957842517908323
-0.7746387956493372 -0.2323289718287036 0.9196538836284782
0.5020163092438223 -0.7081409777539684 0.5321212448163797
-0.45551017414469874 -0.6720372893016597 0.9991718933283233
-0.8694078190268992 0.6536456856792434 0.38206587996944125
-0.6327762209149399 0.5064675332355864 0.9693414702896233
-0.7880716839266608 -0.008117515721555169 0.0342353760326814
0.3125644389415594 0.20330752406771424 0.810995848525988
-0.418658619465369 0.285770306866562 1.1262081469050649
-0.2883723932333755 -0.7715935521067849 0.6177454156579574
0.3621255110307531 0.6529056885809921 -0.015062301742537032
-0.15687802329801825 -0.42678633688940315 0.2269490052333048
0.8362279273570741 -0.2931453095041687 0.1299136211546998
0.09712108881009063 -0.8892020642278877 0.43090347374786014
-0.0986041913460578 -0.3815293576845189 0.24761069270381492
-0.3759429732668409 0.11562413497436275 0.6071757591468838
-0.6904055318280411 0.8485927099083239 -0.09985952554485675
0.8054179958899927 -0.8563241446352408 0.7890155574898583
0.17004674625974237 -0.5141999668235437 -0.027575070010990743
0.704381332799924 0.37724861281343225 0.9205338144640696
0.33121669776173346 0.9357156754319551 0.843814777375866
0.48564248448226954 -0.4175446067461732 1.1803743777203235
-0.15294002691847264 -0.661613134556601 -0.09331966193827007
-0.9540576536719962 0.5282348099777507 0.7793959337575731
0.34903586133124054 0.830673791078496 0.22890018985476984
