-0.7386922187874085 0.9355537879344562 0.38066420247857086
-0.5267361453528834 0.5872554849128737 1.1471850328648023
-0.09753735819326215 -0.9556606897396247 0.25910845959412904
0.21322936882612198 0.26248905357254193 1.0977509458777013
0.07931733152402876 -0.6174754967666098 -0.009786481008391551
-0.831978895665948 0.6561038313728029 0.7163535855044747
0.3775699655935494 -0.38226533386972306 0.7400488825839695
0.5216958257144833 0.06701270791020542 0.5397606286533363
-0.7617764878430353 0.4078270759317888 0.81743498207912
-0.7746454188356888 0.7861623220729408 0.47550031610013016
-0.09537181365995995 -0.4567334916693697 0.6092490681924121
0.3213070656972312 0.9290108823844283 0.8170703757729509
0.3526194089676822 -0.0033595446102574478 0.6729680171991315
-0.6289922756857087 -0.7042078612763623 0.3179879882348781
0.6486059174465917 0.9641849749731173 0.21413573790797408
0.670701065170008 -0.48450560296220213 0.481520503577387
0.5627161015939055 -0.818450676927559 -0.06777350315606348
-0.4008788937921133 -0.5387817613373476 0.34499306547032466
0.9754742905892042 -0.09703507820932455 1.0073033225053887
-0.8567233233701164 0.6811350025675904 0.9743241634516284
0.004323151552474647 -0.8073828705639823 1.1977487019286523
-0.7324298906278985 -0.3209030422959447 0.7023832732769382
-0.06042554559278934 0.6410583100828224 0.8244427327353072
-0.04656124136952866 -0.5629716374186995 0.3387667034407625
-0.40658525273445445 0.9750159211908684 0.36212353036123307
-0.3541585272672876 -0.9850969079693612 -0.15708170640680597
-0.2020425899592333 0.9079584257444415 0.7440971779378207
-0.7150126755518176 0.6468485683356948 1.0399870392206443
0.5524594466503074 -0.9022595757922827 1.1274908405472723
0.8954999272752371 0.4265057955384344 0.8381018859686962
