-0.04619146962474008 -0.3551028963686489 0.3163081463033461
0.062154435291637 0.5239468745004296 -0.18598849083578609
-0.15721257437329506 -0.19456516513917865 0.6815726072364334
0.5702043296200705 -0.09572350079251857 0.4492653847847133
0.18132391121717695 -0.5859209169564101 1.1776023977198011
0.9498783680537273 0.46033023841059917 0.6172266445054613
0.10669476235245412 -0.5418742685106257 0.16347894293854298
-0.15079665398469455 -0.7938362690958187 0.22616198105100715
0.49863138103906457 0.9768549751621305 0.8980039087519245
0.032803051581247855 0.26489211734110296 0.08307252191771036
0.47258432024914265 -0.31343667309910384 1.1423623163461452
-0.06162724938458419 -0.6259708147471388 0.3643696434308283
-0.8564265106924052 0.6533838614038241 0.3095374657571766
-0.1815159461832121 -0.23013474875183126 0.5987619470116614
0.2360680117023266 0.7355525841005803 0.012353755788505394
0.7746427797929345 0.15162522544467216 0.6565749092322992
-0.9942189823622147 0.6349010797747461 0.7594046412744027
0.26931219081439717 0.6461669701361346 0.5959839654743546
0.7867795337190913 0.23214649271293641 1.0225574166083362
0.6750839280049241 -0.1749433081644547 0.8680241134562141
0.5948528304091543 0.9048716649267283 0.7173847613819597
-0.17060890494093828 0.6192075153358665 0.06401292070155368
-0.11792444990407125 -0.7963967186972061 0.6316091383554872
-0.7503295064975564 -0.8456072464775977 0.53962224929887
0.8161845477486145 -0.0611874808022459 0.21980500803964842
-0.36032049020547174 0.9280724984042599 0.39779081220191
0.941569356489667 -0.4901635950615819 -0.0339007605324137
0.6807187707221838 0.9078802912449326 -0.1675608303766915
0.6082021983565442 0.30496148607851925 0.2108608216528563
-0.11813365202839576 0.16685232655341053 0.9818158183963255
