0.518518778217653 -0.4321106492934337 0.07253878117182821
0.4465161455697473 0.3262154446993446 0.6491606979697124
0.7369427414501868 -0.9280459807611754 1.110378934801079
0.10229431080781493 -0.6206142672933788 -0.06272627120782737
0.005940578188597723 -0.714174501731287 0.8702102760870987
-0.19946964810971046 0.8097444398090037 0.7568621601325283
-0.5902749049658707 -0.49676543203714085 0.2578474477773938
-0.1724258431341883 0.17518893139679537 0.39840651905368746
0.3981942423648026 -0.5834571425275126 -0.09064281399758946
0.9721146911600895 0.8017709740861774 0.9894792064887257
-0.2255701684189506 0.006479654000738577 1.1067928300964327
0.4851754013819496 -0.9695597643273031 0.6256701376801652
-0.6327739387220921 0.6946829181042515 0.426719786081411
-0.7976749168403441 0.5580103344853007 -0.178110327434101
-0.20812122147541734 -0.32410532940242587 0.775900760391663
-0.9430796753600885 -0.32319800646044383 0.03552736695971398
0.985144638536303 0.6100346660223808 0.24491197864177894
0.4090612678620835 -0.8027740332414945 0.930310768587016
-0.04385961349348122 0.31830421848041013 0.751344633983966
0.4481354054611528 -0.9979307474769157 1.0104216512184896
-0.24163743414089134 0.030774648326608922 0.10748059085317535
-0.8604854226944294 -0.2302519353156549 1.032963262635526
0.5140823989217014 0.7185421620437697 1.0246111922101362
-0.1886601060123918 0.7469088980793614 1.0755680920080504
-0.9155868700858412 0.16488739850255607 0.8439862395650779
-0.1631687610909811 0.8013309475171566 0.5684406125534487
-0.7391294059631979 -0.9292768269549276 -0.032895172548165624
-0.1862928103290724 -0.5267770061889205 0.6263351302440163
0.815057145870163 -0.3255917610256154 0.34262124590870086
0.5041763039993072 -0.44610136275170986 0.8183053456174645
