0.6795373936396742 0.46262763882266067 -0.14383697462182318
-0.6457835295901702 0.15732480590117448 0.4971962841275888
0.9632460964506389 0.47661260526751414 0.8839512262716811
-0.6955179050488853 -0.17220080804821647 1.0374243355704396
0.7258668822440584 -0.34324678328766023 -0.19909688957370142
-0.1926304070076288 -0.3251761123667123 -0.14278776216537267
-0.06960104083045437 0.8127550321168606 0.6663409228533546
0.2026386598107799 -0.09999963669324452 0.8229324079298548
0.6372438049180111 -0.22597539172277603 0.7790769930576216
0.6710359353489617 -0.26787647648904533 0.8291785266253038
-0.9789588889931986 -0.48884600181023385 1.1011286885401823
-0.37419797990175585 0.28503923246040297 0.018564412544390452
-0.5163611893833464 0.3437345407418477 -0.03196579041247305
-0.6710471540694765 0.27946776014653985 0.7092801647399971
-0.6691189860405116 -0.5689712816274726 0.5396429607437838
-0.1741311297928374 -0.3649446733917816 1.0471158305881787
-0.5016530542955482 0.9166211398876876 1.1743325345215752
0.10000750798600899 0.9847044098516122 0.09564658127423159
0.873690642231113 -0.921509258621154 0.14389284636657235
-0.46653331382768615 0.31860224286759564 0.13372003279599465
-0.7865963754159757 0.7192650579373863 0.1669442344132674
0.5280763736121077 -0.7335635951608324 0.12639662211290947
0.09224137430327195 -0.5274674193161191 0.528886746793777
0.19928194560096002 -0.22689753466689355 0.9625143332111026
-0.13728361313389437 -0.2679981778249889 0.9197905743514938
-0.2733588097050694 -0.7023237323886915 0.7373962050547098
-0.5420078607872225 -0.0932499277243819 0.9048833912615775
-0.5744159858662816 -0.5578743620724522 0.15140510963691595
0.36857700822994865 0.4092517150775754 0.5045470495888855
0.06711609734612245 -0.8378305950139044 0.17875557555438543
