-0.9296400947331471 0.49078923545523034 0.7302790656726339
0.21685077954818555 0.1856218125963811 0.610938954167886
-0.808450919803614 -0.8528949913460553 0.40458334098782395
0.7018733245132054 0.2041930413783457 0.6996757097285646
0.6920666505833521 -0.6404207986638906 1.1095751750390048
-0.054865036666590594 -0.03487670887537386 1.0997535762659318
-0.36217321623543675 -0.4078388745113948 0.5098456584472923
-0.6974494841032131 -0.5909816354341337 0.6601244055082873
-0.9565789251213006 -0.43791900163976694 -0.058530983199234665
0.36220243017286724 0.5391449131364052 0.4392795177298076
0.9350465652177076 -0.08216146558811177 0.5743726672364087
0.9280144925590439 0.5234654224456654 0.5566656279007014
-0.3218374079007209 -0.5158208137643714 0.5317008086644395
-0.6832793412070592 0.19375104078766814 -0.08779508465800058
0.07601881651596698 -0.6838089651716386 0.1387358885797561
0.24273288622409583 0.10753843166480359 1.0585761749360232
0.5944119867727993 -0.659539912089111 0.6000634439091181
0.42252489469166354 -0.7139097273009138 0.3673580339729113
0.5957525349081765 0.03865851697870548 0.9447264096601418
-0.2755906371702732 0.9787753483898312 0.5345118913633529
0.16745651811872864 -0.11538547523936349 0.6215456355458218
0.09469292807974994 0.8922132622903429 0.9704331591991153
0.35477117689625515 0.9521055061604558 0.20077853728553824
0.7357934644629653 -0.5309770445829549 0.6096140387802993
-0.04604116652367041 -0.7017908260353676 0.5776905309284228
-0.18420390134689746 -0.6946405165556426 0.08588063826025055
0.7601239072352295 0.11047591154509395 0.5060341626546057
0.721693525946822 0.04190094561534896 0.25364658409378776
0.3995921035566268 -0.10765719625050774 0.9139196645032779
0.25256225580550873 0.03240032919606506 1.0057473256975518
