-0.8492267782318341 -0.10964661512124518 1.1230808079774142
0.5288184756457892 0.9521445061418519 -0.16152836408032892
0.9062041048676768 -0.08970251297478793 0.012661682819701064
-0.6346609074223772 0.5935258310625446 -0.1518705295939795
0.09732742891100798 -0.556713075911131 0.2274350076252648
0.45697426930565754 0.2150952436127671 0.9814605819593993
0.6860207270255578 0.06652367789848079 0.2428377382170963
0.37611780372735915 -0.6249216992100042 0.23596131548917176
0.5086256789864485 -0.3957769615211344 1.1791027913150538
-0.42521503151136986 -0.9949247936807271 0.8222722741473343
-0.4287700909493952 -0.10805516567425522 0.5250075430250152
0.3270338002299864 0.042694071294386626 0.0812477771367231
-0.453266600888687 -0.6028280257586314 0.980556679292421
0.710291427063984 0.6505196035588356 0.8899552660091692
-0.41838535225579965 0.34755070869883187 0.6843479929817036
0.7010768992387821 -0.9289414663224862 0.7632903069885963
0.5777732060449488 0.22117633704769446 0.16804119024390035
0.4630327912240495 0.6057630911821514 0.8863844432314754
-0.37193789085325624 -0.9372371183367871 0.09209266935743848
0.5408467647760555 -0.42742920147616625 -0.14104449963594934
0.9342667147529569 -0.8015837368489018 1.1339158089050954
0.3929909142391037 -0.12069826414765217 -0.1126687350223531
-0.9378470425165231 -0.9356813500536751 1.1861908223777897
0.9262784884902466 0.6913729796449135 0.13123621820805564
0.9519813638624475 0.9806783298274184 -0.11791290955568635
-0.9332145854647829 0.9431146515048274 0.3848399677962881
0.30989235529975656 0.008907595511484567 0.9140934684688502
0.9143270595548358 0.4505945213058691 -0.02125467657539401
0.687991660242379 0.8051184531792221 1.0649907200782172
0.9066847930702435 0.6784490177706186 0.14743407907593048
