0.9384815424565267 0.6892135406935047 0.35508203139559497
-0.10547350586102211 -0.312996077832677 0.30784352855143454
0.9989173166671861 -0.7231664535761626 0.3284078180366245
0.8724679538516631 -0.8785977771782287 0.9461258179756304
0.3662965465016552 0.9095900299554351 -0.08887637342923047
0.5457430151231626 -0.9111498053518228 0.9420152249506315
0.1407131784314659 -0.31038434689833627 0.6318644066800243
-0.7530420282767618 0.3292924496222496 0.05679497260638422
-0.6536083608691661 0.2229494048355254 -0.09351661149455442
0.8087020757997223 0.8414250938444892 1.0593570164953792
0.29302714628960147 -0.6431465844355357 0.4452729573191921
-0.31526621796422893 -0.06686843802311238 0.045491321929327894
-0.07421979167714832 0.6451554352786038 0.522920439276281
-0.6459367237914047 0.33938724216915284 1.0677546511706442
-0.000181822273136234 0.916600765879392 0.08701858713549349
-0.14025282237919434 0.7666637883647227 0.8105393746952139
0.48144715050800957 0.45888401089507047 -0.05232145388263337
-0.9735035097259135 0.9285104926985603 -0.07266298546955577
0.8350052954765164 0.41011785942393275 1.0310314953988988
0.23895913071388253 0.5946984274410851 0.3625622960198151
-0.7669517695142991 -0.3085825458342062 -0.0005591466905325304
-0.1273489335818334 -0.4105349765859634 0.8812929324529297
-0.19788371386786507 0.6726670865958682 0.28937564873349175
-0.6676050004652176 -0.24892023440729627 0.49408290800281834
-0.9688704138142665 -0.591789260008615 0.07756478671698053
0.009044972610510849 0.7503949927731683 -0.11261093410514082
-0.7534332206866297 0.6047432311804086 0.36105174626305364
0.8160843582949231 0.5216421137957179 1.092385762972251
0.29891608993649244 0.4347285390656048 0.7618650269540548
-0.4265604201422124 0.511310668990856 -0.026582229712539512
