-0.07186783357464233 -0.6078109784203496 0.49256789591205624
-0.3748238108733044 -0.8652162058790049 0.7986267521654913
-0.1649402041005279 0.9969654402846799 0.6122599169152112
0.5878293576861995 -0.8134164756530584 0.7710011739848781
0.6831157291218461 -0.4187977417170743 0.8618281149149021
0.1871447019644159 -0.32385432083111976 0.2682099696961435
-0.4643744447358704 -0.3339809039404913 0.21859035605704186
-0.9619833896937853 0.6477049793719378 1.1921789699876746
0.8166329932771192 0.17505403688303445 -0.08914608308742977
-0.5318732337478012 0.16565630919644891 0.9607076507805057
0.9686830851022692 -0.2178358602593855 0.6385488083956428
0.947391201078047 0.5538053890892822 0.35507514014877756
-0.41798884482206144 0.7048626317035205 0.13339774724186743
0.11736996134305855 0.6487111804227297 0.5286894988574042
0.8728024470826883 -0.005804778347744843 1.1411814044183153
-0.0841429969018519 0.8695000908565276 0.1447367316179181
-0.5113921712331462 0.02268067757571357 0.7189535657834196
-0.26065098212254467 0.21801198903398555 1.0284818807091287
0.9640801105443422 -0.8557431944667413 0.9792782501965989
0.0675956076765285 -0.3430692846989867 -0.024291642067748503
-0.4341786832217658 0.07698523701580773 0.3263814295315965
-0.6618691417684379 0.1803006507347069 0.8163067261089672
0.17968041334376084 0.9627538810834975 0.39761043723783934
-0.7453238482100661 0.5417353465534611 -0.14198665506604996
0.16296517652541098 -0.7901826610653255 0.14637731205123444
0.641830859381789 0.3252855102441716 0.031918532243522285
-0.6927203201150718 -0.042172859525265505 0.4304844939827927
-0.1840832258810765 -0.6397910905770645 -0.142504945765417
0.6225105649685714 0.16087390959649595 -0.10988966639632386
0.9633590088987436 -0.8450223472467995 0.07882411709386905
