-0.6330099917862082 0.30477224378998424 -0.02716485845166844
0.930714715187567 -0.39778073506537726 0.7557460212587677
0.535455270534178 -0.8981861648310532 -0.1593812182551105
0.05841866828676645 0.4309193411687726 -0.01985889204492136
0.9862903908764273 0.732920528371245 0.6331328082072178
-0.7600953692700056 -0.3876095097748238 -0.03697731118039918
0.5516527485981555 0.8931454534345868 -0.07307601418060905
0.5920419373004522 0.38811437689640993 0.10875074572535359
0.5212284701662651 -0.5932900488803046 0.5459790697160021
0.8056001501909225 0.2450333523948498 -0.08363427518836748
-0.9421979699254088 -0.37408610728786673 0.9481231928400156
-0.35719357614282354 -0.4820340840083539 1.077507026259567
0.7405589342205812 -0.49048378933239345 0.21092064160619778
-0.41918487716079267 -0.16385939939232697 0.5043378283051134
-0.18353739410873038 0.41435881081644044 1.0139456174186934
-0.42024861294910076 0.4390301773702301 0.304142728625091
0.9224529453609005 0.40535591994601505 0.635038221299355
-0.9482137631840415 0.7040521073318635 1.1471996001044575
-0.29522990959547535 -0.6979011277618941 0.020007455259215795
0.399314856793759 0.3368578938986515 0.0019612276194522493
-0.5445668967007351 -0.6033278529714228 0.07341017954564505
-0.16296288660394587 -0.020996613439552725 0.9153160817362129
0.9831396906875243 -0.5344597338882586 0.8179437840385655
0.459200705985807 0.014644167004004727 0.4796988093017957
0.21833055920353717 0.8100159289450226 0.28118842148385575
0.2444739770769242 -0.9774168959781129 1.1487319183683242
0.7844847447980114 0.05802772535941614 0.0041023408497787295
0.2274057814547772 0.0448519492004249 0.9084924760552848
0.8703825978651656 0.8262309483985681 0.9823695817404658
-0.8219974744188077 0.5725946643894959 0.588335038647259
