0.2814064015460884 0.04096279363920674 0.16619046257264058
0.8815506632422465 -0.8331448803788761 1.0138953745968473
-0.6020263632301981 0.568795784531867 0.32787564577785594
-0.4793319552543611 -0.38376841287868446 0.2172459808752774
0.30512961093601665 0.9847829773044487 0.9483624378595468
0.6607277521095556 -0.6473599218132677 0.3785975597262545
-0.09433107051445355 0.864159396821407 0.852261807095396
-0.3575454459177989 0.7368051897224359 0.9835161099532779
-0.13192449765789438 0.3679038781449442 -0.10326680350473716
-0.28026679261118326 -0.9529077871764928 0.9378460014623387
0.01113839960548213 0.3537879052047366 0.8587668878559669
-0.7138522404077621 0.8321388359293529 0.5060786755630733
0.462523568874039 -0.28757344206493096 0.8910904629522087
-0.9418828055191353 -0.4693502493010251 0.4023973663060941
0.7474502719029952 0.8804159771885258 1.0475615525838773
