0.2860195229878324 0.9032481948644746 0.09439255972365884
-0.3404330505247699 0.0026975361041150503 1.0553864688642571
0.8069943115882843 0.05847005059067967 0.8694349706537443
-0.9031819418965754 -0.3219770644582145 0.022122927140615117
0.10681812852259664 -0.3003233252636246 1.0158243201187045
-0.3484266054872933 0.9568100688941277 -0.10118863665558686
-0.3263863982798023 0.16050588250644449 1.182109496950809
0.1490449540242611 -0.3756739844903878 0.37660548425120527
0.3449206403217364 0.3815780972223133 0.1955814261136582
0.03280628714870515 -0.09048985847082602 1.1529774158446227
0.496219252544317 0.4097873421171039 0.09872693183373338
-0.5499960023548702 -0.5674796605436812 0.8622039516102036
-0.2834229777972377 0.6237306995267868 0.2781549053281071
0.9937150653235398 0.9868831579923905 0.4420454561702209
0.3771972600846425 0.43556935958236287 0.7727858896577835
