0.7186830505164081 0.7082537701816314 0.40780431809814494
0.7909349188812278 -0.2583668216789854 1.0165758095044422
-0.05820376701622276 -0.5281341429419901 0.8476148111885713
0.8549624450146542 -0.9517299729228874 0.8988954365161566
-0.6165298910611763 0.6783571468671274 0.6672055066124745
0.19443263903728436 -0.7336872526391176 1.1739252254353465
-0.27670759463819405 0.9477945307805729 1.0962896419816137
0.5103220155536117 0.942425893486788 0.9305680193555448
0.9654277246671823 0.9138693241607148 0.5932120614363174
-0.2791067354832797 -0.8364158080941697 0.33320236977501444
0.48358686032632003 0.002332172770512342 0.715313998893572
0.24354527753319855 -0.5356693159526482 0.3565018760570317
-0.5813811081738032 -0.3660581162405512 1.1709566276425147
-0.3253126237332178 0.01712315780597451 0.7949003321976891
-0.3133730537935424 0.8392933856234477 0.7304721527458355
