0.09040436116577677 0.47286578346695807 0.6349931545561565
-0.6604984615481708 -0.5905237983028817 0.3481263878691771
0.50957965821895 -0.559179228631171 0.5869130045640358
-0.867575443382802 -0.09879606769162219 0.7258018615189232
0.5991355007943056 0.5633546492177939 0.9907469197467922
-0.19531979004562827 0.2676184435920219 0.7841397789692539
0.29345411624955364 0.7605607307424549 0.6203059059685712
0.9796616664807569 0.0909145626003931 0.8482227799178448
0.3746790342179074 -0.6919452059979203 0.8209949615233618
-0.4155679475544638 0.9060264505708138 1.0279912850866286
-0.15008664776831937 0.7328270941010606 0.3287006011327826
-0.546647801344389 -0.9121120186876246 0.06696718446360361
0.3243381098354996 -0.9754410876920876 -0.0465464112700244
0.7518037202784742 -0.9647485626455379 0.988950457264419
-0.5453806928677554 0.8875680572224165 0.03678771176303025
