0.9179995660050162 0.7375816511525173 0.5298693308342735
0.018274919621578345 -0.8122096858111958 1.1175819115526602
-0.08733485951732112 -0.003906452272201433 1.0149294668663529
0.6545470003562444 0.8966068221284069 0.03901029840293593
0.2910190140399014 -0.26868568687461347 0.7677810326876702
-0.08770611234634296 -0.4914141696791232 0.4325898433921436
-0.8408171212531159 0.15158514831369607 0.7553856833017241
-0.46800740984419287 -0.4969579540327207 -0.11740233546483052
-0.2837481035396989 0.3647402702728719 0.9626217373337125
0.5431987682754633 -0.7604859621283611 0.09953652658187079
-0.5305341041850191 -0.5989009677544948 0.9911616654762696
-0.17366995436163069 0.9601124645650472 0.41866390951948224
0.22798328515933264 -0.04870086102870741 0.8653978788326233
0.6246658781234182 -0.42784721834816386 0.26774430592635845
0.3040633080915507 -0.6729812219901261 -0.09462283910213999
