0.17630342103146468 0.33876068572644025 0.2339230992420786
-0.00658650290861984 0.7951869366360309 0.41271035801852035
0.8716030635065031 0.39129663652724544 -0.15677073652547935
0.04019663242227178 0.4901276392105365 1.086897331532394
0.09414478426890738 -0.34395406391149375 0.6583263742586931
0.33419260489964153 -0.569739411469522 1.1872170581152683
-0.9092020208059346 -0.3828347991593424 0.6491963642964396
0.4504974631558738 0.2870349991590859 0.2317578527789116
-0.5347775029313864 -0.9807154234289199 0.4426722618331555
-0.9250107981607465 0.3583595908927384 0.34724297829830436
-0.6508370156706931 -0.016929977468997937 1.1267155207954829
-0.26457675142818826 -0.8037572444459078 0.6043801918791598
0.5831080537776143 -0.5097599398167596 0.059803270773869766
-0.3645247104133198 -0.010305714529253551 -0.015477124449711888
0.496896413074964 0.17116563405668028 0.7462155345385875
