0.061367986027214494 0.1807222461170721 0.8942419893586975
0.7910695071898612 0.2359840934574735 1.0857347586810877
-0.22874713956296722 0.02587012082089979 0.45648746567917425
-0.1721338526323437 0.24240091675038689 0.799224298031977
0.11206381177613656 -0.650176013514479 -0.05369766567475942
0.6477769825202551 0.8386491102972335 0.03920237348315994
-0.7699183838734585 -0.704758550806853 0.7891605141529678
-0.26546995223920655 0.8977339716684503 -0.19043676888218197
-0.1415074460611303 0.7522280414904947 -0.08940559921653128
-0.5193354683921663 0.7386812842728223 0.5154559323056738
-0.6507336856906805 -0.4854309156299388 0.9086994174883274
0.8735499245468759 -0.6945334778931989 -0.08162489783519312
-0.15724522980259836 -0.990421747090295 1.1745459198316845
0.49873877134468936 0.8875403923550256 1.0224711613803903
0.6798497545425237 -0.8885530941650743 0.5468999670927994
