-0.80676879687402 -0.5426379348740704 0.7011980218262652
-0.1813286651106205 0.019378646582473014 1.1408825918004444
0.09922469595926398 -0.13135629295176465 1.0509522556319468
-0.5314530362762668 0.007157083053241031 0.7036350488598426
0.025287160773444173 -0.8982830653831728 0.45345941734832257
-0.747634111512727 0.42902789005028885 0.8114593809605604
-0.1293766146847144 0.03922953028808718 0.7253728243172635
-0.3689717420279186 0.18778172798005843 1.143506175005616
0.45018536473960613 -0.5952898222074408 0.6633680704367617
0.494698815278527 -0.1647567737270148 -0.10997978330646038
0.07753563378697503 -0.6967897889010854 0.5398547933493278
-0.6530306569694035 -0.06138690273876879 0.17128842069855332
-0.018576953331745694 0.22002441299126452 0.442061245601237
-0.1636260020258804 -0.8447570644623363 0.6885145627427021
-0.14774945772541836 0.8478897970153221 0.28770195184232616
