-0.5503508316113412 0.45893244698329094 0.7528955563721649
0.4467075120657895 -0.47726826246948284 1.03973315893164
-0.19777984674068572 -0.7154244486381887 -0.15167384771488518
0.718805734615299 -0.8851016131276548 -0.04924710061057383
-0.3315716352949689 0.343875973365654 -0.05354991378221935
0.7659639936170293 -0.7660190607905835 0.8420360936011522
0.8033958911172248 0.6026815022677328 0.30937822378103
0.11514385286741535 -0.7577452460922922 -0.09410803858309037
0.06468790416751236 -0.36518529907201436 -0.035119279289465594
0.006890450807004678 -0.3880546477645046 0.22423067549058184
-0.11394813273610738 0.19299895158184976 0.9105885344341806
0.8743702333412244 -0.6188880127968444 -0.16819757867631685
0.8431787653280616 -0.7666321815568133 1.1517505123690597
0.34305134157751227 0.9911352303607797 0.6024822400072114
0.2831960967217888 -0.2781192235732646 1.165504744364716
