-0.3784853551059866 0.9485501766899311 0.7034200675054156
0.48226073110086976 0.07797411589154657 0.3763786362108174
-0.7658147696918136 0.973108843016945 0.1548700894862235
-0.7403307918606192 -0.956163866463678 0.5242353811020202
0.12355467928197528 -0.6124299826361512 1.0116397234864984
0.871725823929737 -0.2787882437777809 1.0450846263423719
0.5864707033424699 -0.131723620497203 -0.1559525661888943
-0.3097269485573042 -0.12390547298829802 1.1287930415908474
-0.8600277550397768 -0.010700617697941395 -0.14932691441019885
0.3517325555321371 0.47415846874814793 1.0906964970186395
-0.5809493112321229 -0.9190979846669356 0.1268551761668545
-0.481598540820251 0.8595866401458354 0.40321416424789885
0.5784038558913853 -0.9522129012607312 0.897212635166718
0.9782326788481093 -0.29157696549281154 1.043580707675498
0.5284347993324827 -0.11040908495502966 1.1306705974823987
