-0.546302320237726 -0.7453665071923044 0.4012958998307286
-0.8080257991878961 0.4386969101345839 0.4105511625899941
-0.24099071054239918 -0.708750844389832 1.0312896601338488
-0.15381367535655688 -0.5473406915158092 0.36034668225301864
-0.5564518222912227 -0.8478269526228837 0.43891208582869096
-0.05695052955143076 -0.7592677761114341 -0.05471315824210299
-0.317901746395181 -0.5976184018504642 1.1046486270972056
0.12204320698813409 -0.7874924581981912 -0.18956565264909683
0.8205921534757981 -0.6708460179724771 -0.06842681354770058
-0.6581612017116703 0.9751974131177139 0.0626397155540726
0.6426479780700194 0.9056761356749254 -0.14293242530355255
0.13984845381045052 0.6885339845782761 0.6035829377160646
-0.8420881603348844 0.22469679366032347 0.940754154407891
0.39412534866058 -0.48016039841899016 0.8806195891575865
-0.8438584863878633 -0.9062377641626502 0.8571231497607659
