0.7619572287591021 -0.8511636067003168 0.7133702289268717
0.30932581424357597 0.4752926614580488 0.6819305737797996
0.8185117185022059 -0.7652907683407242 0.8994871170471879
0.3237128090213979 -0.45823231806180575 -0.02256852479510596
0.8447958874300057 -0.17054337689543364 0.2288400967177428
0.0757312077736303 -0.2653809208015987 0.599493573060599
-0.004452619541025049 0.6521322792861031 0.8772962267871778
0.3030760453518253 0.1766910723398265 0.6744204327845262
-0.3433959861546474 0.9477702813752447 -0.057994624930238825
0.2550865699535525 0.25134873023145454 0.7204080362778251
-0.7017691990374193 -0.8465452336974963 0.8460383706663386
-0.780609824683834 0.5186603270281853 1.0075953222644762
-0.3909002715758736 -0.1540134437430698 0.4592581869101879
-0.36970370876174363 -0.9706177375891583 0.955614154976139
0.5027576882082399 0.7098485526403175 1.1059648463247842
