0.7944200107559598 0.802105626112602 0.44889531494196194
0.5305926328946864 0.3998180044860373 0.28203942370007995
-0.5633817380867834 -0.8189900368677216 0.568586445529156
0.9251628859128358 -0.7181935425154575 0.034372915821581584
0.2393465513300339 -0.0904721536647215 0.6687505766724815
0.3182423815364648 -0.22576421811196545 0.7635212584586313
0.5364247797653499 -0.6732484643901049 0.14770750331179222
0.5703173923708069 0.16171472105078433 1.1015499342488193
0.4231427631565714 0.46793447683596945 0.33882346924884427
-0.9569407991164922 -0.9462205293417896 0.8473716640190279
-0.4363953704679655 -0.23156441343298018 -0.04534687375737645
-0.5761341610087505 0.3219703287775715 0.43920650662947663
0.8735237139978105 -0.32690929883834374 0.3425080394784927
0.5999978404321484 0.9189623959597859 0.7469248272168478
-0.8819722604056033 -0.34434409824233536 0.1353956276010157
