0.6310181577375367 -0.13122565392470742 0.5377379842692351
0.7580515409485786 0.835998716057557 0.5801609331003235
-0.7611334994297396 0.10824265464535676 1.051678450420877
0.7880757883870326 0.5131101734948227 0.936039115502749
-0.4336262920840914 -0.21806586356220303 0.1299495714295189
0.700087319086943 0.33263492245119575 0.05523901624200994
0.043168919844370324 -0.48642158586719697 0.8215992951319668
0.41790892397247603 -0.7473168238953416 0.07054357975207753
-0.7471855338713029 -0.6351412108214354 0.8058639562553624
-0.5804394660255978 0.6721244445333825 0.9531145416656313
0.2595924864913439 0.00926891001306518 0.26147273852810377
0.07488674960749697 -0.7299079168243228 -0.1626523024590022
0.4501705626742567 0.9264826660445515 0.23763523712421225
-0.4440013359218966 -0.4286789122986483 0.14271280256460173
-0.776959904464863 -0.4885720071898645 0.9928504182565423
