-0.8885447547214871 0.5370976890132944 0.5532934286670788
-0.21039546489899186 -0.4457621730885293 -0.06468896476490402
-0.31181528226504107 0.44520596431479764 0.35775986267228227
0.5601033116566554 0.017686712341195454 -0.13369855931214408
-0.7036279062850916 0.7942427522114031 0.1839479916368823
-0.6214639291034778 -0.24447901216285128 0.22319589264815448
0.3281194011575834 -0.5847503005574852 0.5328140694188508
0.4148338202630908 0.3201466210515267 0.918142242589101
0.3100967697511936 0.37133648381679585 0.905882632801247
-0.8721814786274515 0.7834198601480029 0.4386579616471354
-0.0850750081861511 0.31730456775574223 0.5955317917012077
0.49892589780475616 -0.07733881341696147 0.636451578624591
0.17764523027497225 0.9433097425729216 0.8984165111829361
-0.10539611047815756 -0.2313125019915656 0.3996066718817684
0.9164947528947078 0.25599888433389495 -0.08278563801802567
