-0.5582881852770469 -0.3054996679065485 0.3039281392283491
-0.33481261532046 -0.5083854082831141 -0.07406966569813561
-0.6666624217817605 -0.019314668033474147 0.25697004927427813
0.45585465846787687 0.09345892848321768 0.3390814365399443
-0.3260208912468996 0.5021173158655634 0.25472127263255706
0.19845235906743763 -0.9090810848188307 0.08196626681268104
-0.263060468663852 -0.7412280977130778 1.0665848195475647
0.23253229646299745 -0.6690214366205376 0.8355000649131972
-0.851461282792948 -0.4514661490407452 0.4916020827917024
-0.38529767292481565 0.6924790879340568 -0.02546911510013411
0.04349785426939623 0.2793655503722341 -0.17796488596860596
-0.8609015928464858 0.6745171400873964 1.04693131130658
-0.28749859868756356 -0.1581809545114441 0.04306981137776772
-0.6842804829904323 -0.3446378483569621 0.7451625748802919
-0.40610039019667465 -0.8349534672021282 0.6448504246701958
