-0.7698409019507102 -0.9507290815087879 1.0687666500961701
0.7597525036858801 -0.4732914381265214 -0.0650333133601591
-0.8760152294320691 -0.11936115582942075 0.45781377783212024
0.59997834716521 0.35362169754090167 0.17196335559232623
-0.8083869671032788 -0.957104948252933 0.6229952559067327
-0.8971438133404845 -0.9038775248208573 0.4925213662327466
-0.42626787685016887 0.620591088472674 1.0407496597810633
0.38007644696309373 0.4204978071712422 0.23318859448345292
0.04001506555405587 -0.169449158901386 1.007099172403145
0.3072159730843558 -0.27356151231812476 1.1323690702103588
-0.1786302261486501 0.4245126064123752 0.23909596892086366
-0.00232319907970413 -0.4279215966426255 0.11660001523714497
-0.14031896216905015 0.2904729032018918 -0.016613520805539295
0.09400740113725514 -0.8294090527851927 -0.013284815822903473
-0.893140959302422 -0.776396132900373 0.548484517098107
