0.9703640215862726 -0.6486261367512551 1.1053546644499523
0.938915924145912 -0.3389885359527913 1.1898783283979404
0.9819781373895833 0.21700807731284666 1.1442622384779293
-0.7235687704193088 0.5432402106115577 1.031351318578368
-0.8682371256012913 0.538844694120219 -0.13715788106792365
-0.03544444164844762 -0.07480799185425391 0.5440857034901128
0.5933017967693277 0.024274283280316666 0.1587593854880312
0.6769093923692435 0.7565516796776581 -0.15962968345875833
0.4253391256114556 -0.646297465280947 0.12250854710069958
-0.9242534512302198 -0.8590041483942645 0.5819979051709787
-0.4716042940573135 0.005953609853330821 -0.09583352910259596
-0.8364798628456205 0.9844857312183699 0.8839363666666411
-0.3845341347504445 0.36078438731978446 0.22750053831751033
-0.6499678007686867 -0.9589830021260841 -0.12563571761162035
-0.3699007389922633 0.2158145119601853 1.1201846307900012
