-0.19517891803628684 0.18739194782930269 0.7416448858249576
0.4235900132673944 -0.1595912343506367 0.9133491505516236
0.16082653872583763 0.740211781776636 1.0335106583621538
-0.9678989701184815 0.24838018264515327 0.5121183561656675
-0.5533946871764965 0.3298019604109945 0.9253448730889238
-0.5308321525818507 -0.7636827456661308 1.0464479831787905
0.8160220027881948 -0.0010607852828481423 0.3009472179425105
0.5907260005653543 0.5343993588284945 0.9482772511126323
-0.9942395736450598 0.004661217732026657 0.1113314571077289
-0.0670632849411692 -0.5593007113096298 0.58189810322936
0.9568796659460568 0.936593884169528 0.8014280939910481
0.05937577512902514 -0.7212298228119003 0.8181496930299561
-0.09802277043872243 -0.7646674848237514 1.093085610336568
-0.862120852571097 0.26919321444367617 -0.04303674110888647
0.42985326678204405 0.4496543312875798 0.5175619187874916
0.44520137250489644 0.875483919057984 -0.0614929861278139
-0.48964156043498086 -0.5850017767780031 0.2970784735705837
0.6744336355018952 0.9553534189192334 0.33671556411336995
-0.16650729482407223 0.33408344279006164 0.7250382680562277
0.7401803336004746 -0.6854015393317163 0.6065796234042231
-0.15361598977221136 0.7954527802688012 0.6456563446090269
0.7606185511238335 -0.2668438340840493 0.16988254032092087
-0.900020956750269 0.8850837387427848 -0.0032634395983014153
-0.9921720744298612 0.15687888658899407 0.050943606635936445
-0.2327701194362839 -0.0013186525362978152 0.36492348324605534
-0.10342765961835942 -0.6729192624447904 0.10730929070756395
-0.675487608926755 -0.8013703683245375 0.3355634512948075
0.1937280631515923 0.043549707348731426 1.1931116761811642
-0.481918646079444 0.46847231280594936 0.8293661009894087
0.31749521978909323 0.8183988286763682 -0.18206563024551137
-0.30807084938338236 -0.18169510939681532 0.6832484608227931
0.2512996137885568 -0.9481471744197028 0.06585698185832806
-0.21419666945855198 0.6703238501788968 0.32384015741987765
-0.5978282894469522 -0.9808360170256194 0.5224373973307683
0.26321872353131237 -0.48554933526542565 0.5301897395417232
0.44616424967364354 -0.7879123650977333 0.6018728360057455
0.8675837714404391 0.6032103426907947 0.29918066344721084
-0.03502930193805032 -0.18025598876785476 0.8126863107425544
0.5972917159859679 0.7538113403609266 0.20269939588782987
0.7661901093412946 0.8564964316308568 0.8652380158974102
-0.5095466834702442 0.5727228574517456 0.6678427533603009
-0.057351808560136996 0.3217751462714311 0.3681901644515791
-0.05067246458025032 -0.8559665831746062 0.7531920994618648
0.516651669612965 -0.5436362157820835 0.6753215583228067
0.5137387306965797 0.6583660673428324 0.697179402742913
0.9086440823431101 -0.5995234408044836 -0.08183158712032461
0.6142707039620761 0.7791571511288382 1.1929308215698715
-0.7275513985395912 -0.156500265156313 1.0587480106761336
0.06196211926249551 0.3164555260600932 -0.16911243078917904
-0.7259250855561168 0.029749834116829188 0.7374253901016636
-0.8374933536818965 -0.9109040071784875 -0.06606790309180663
-0.28279954068626445 -0.09667694375083458 -0.06811146272896731
-0.38561949337218127 -0.40616771142323627 0.6307534030219168
0.4787499810573359 0.5401013722815251 0.565930858388999
-0.641558055436422 0.3168048173820428 0.6720635495886371
-0.8606489797101831 0.6843710314461184 0.8650477333037099
-0.6479228019887813 -0.46075267216533144 0.8563495256617157
0.4366786334246331 0.8116233495079346 0.9867042460415174
0.7681592259347183 -0.1243345060978891 0.21899581960312392
0.40896555636037646 0.9601490683290563 -0.019053258917413662
