0.8553769174323931 -0.12199353420125658 1.199954742040139
0.6986589234425866 -0.6029466720151144 1.1963528550807938
-0.6409414269703626 0.49697746307169943 -0.11633260910850056
-0.08920345802620044 -0.6007372813486151 -0.13606529628404482
-0.9750791468086788 -0.2816505173947388 0.7651591053281461
0.6917480503719755 -0.43195359710217907 0.33466987613551075
0.2748423030287388 0.9429735533750188 0.7972410547119093
-0.6924433872083668 0.9387984022780786 0.1580339075662895
-0.835408095214597 -0.9048642301549403 1.0148335732583789
-0.33566102319166324 -0.8925859439856378 0.2628360904904482
-0.43308111956605244 -0.21355604654827798 0.5847303351117263
0.9706993522340188 0.3511804084596122 0.4092985263486019
-0.8558812222133678 -0.6309555317079811 0.04750985225778359
-0.42856080429011056 -0.1047666797685507 0.8874084349348264
-0.7601474703217215 0.9858278884451153 1.1351822340347748
0.5995693702643372 0.31790609057435004 0.7213719755878436
-0.6011830077774536 0.611812961410199 0.7615874191485656
0.2786432241953054 -0.6194459828850782 0.44744501510149054
0.54935323420055 0.11503000422805676 -0.10272592061492622
-0.22030506618134793 -0.924117689141432 0.5035025385337253
0.001867874274983139 0.9675295534711252 0.11447482304857909
-0.5365300241793294 0.7607963655300285 0.45291980759505474
0.7173335279066135 0.9215640026793048 0.00993937586611518
-0.06782084706661662 0.6890651211106684 0.9727599278998369
-0.24685357752012438 0.6060813213869862 -0.05902888842934456
-0.2462944986517075 0.6523155722563447 -0.17226326371142925
-0.6233787985254984 -0.27642469118653623 0.7506307209339922
-0.527736440939885 0.956534178729852 0.8874813762012521
0.2227082785839012 -0.578880265150544 -0.08679435730040605
0.843364241620721 0.9060121355899438 0.1965062820786596
-0.0758976576335686 -0.8767610996963655 0.04517017608810914
-0.18165276501224237 -0.6351164306756203 0.7718866740820698
0.6651778533888018 0.22196576872805074 0.3615032469774702
0.796076535700776 -0.8501853418119734 -0.03916237609097831
-0.23848389708553408 0.057714515204341454 0.37825821577617774
-0.3467218067788511 -0.8250936655178265 1.196883231745398
0.548218991611175 -0.14980168757925183 1.1871892621553926
-0.6942434745074368 -0.788140133920568 0.862241672420607
0.9550449261783602 -0.6087871674345235 0.34525833345593276
-0.5281334613429158 0.2799917437443016 0.010750056054727508
0.5773808044629045 -0.0672025757150807 0.4649597899834396
-0.792926234136621 0.07575973014560433 1.0940347676200863
0.0140746495235482 -0.01849297516496584 0.6056868462698084
-0.7714477929266212 0.6102950876795532 1.154146946786298
0.6231851951810412 0.11535285552162278 0.7114710628130199
-0.07652339861767987 0.2656158382030944 0.9164275964965274
0.04106538080520572 -0.2493383522443693 0.9731923575526082
0.5977565898851231 0.782731745363717 0.0811126261637597
-0.9603440672338344 0.14527494736630064 1.0161881336961742
0.19221552548876963 -0.47504496949909925 0.2455612072265943
-0.16154907014431963 0.1501506422641561 -0.01513864961675157
0.5325694395484777 -0.3437771076939531 1.0144102872824508
0.8462825102188627 0.5239977913544531 1.0673072219544482
-0.9942660789253046 -0.8444571107397558 -0.00889480636064327
0.0385680913526627 0.14883492639117302 0.8408381516205063
-0.5130965918502819 0.5355368524598019 0.7280189012109055
-0.37391187467598996 -0.613351662978951 0.3624471742565118
0.8529476686328596 0.9764213934286923 0.28447021068452305
-0.41743883701538453 0.38938647719970976 0.4843699567482687
-0.7824158369515086 -0.6154174443475322 -0.1498909823509623
