0.9073115341350999 -0.5610746691279029 0.959197530894861
0.88748317898906 0.36701920372652097 0.914793901727357
0.9189315920968442 -0.02651192644852829 0.38510654789108306
-0.08756126792555774 -0.7468723217451334 0.268351870371355
0.6497429483492423 0.4802371970826711 0.5485639674675098
0.39877271646241774 -0.7137989179657929 1.1497521361387641
-0.1812428825377559 -0.4069226806884416 -0.037241167251448715
0.9610555488906882 -0.6980907934465317 0.15091219259112248
-0.505427725106258 0.8187255013795072 1.0903297949923199
-0.07293744541262925 0.9428192671492575 1.0913864291196027
0.398703064365556 -0.10332136722519447 0.5472520096666587
-0.24679788307544848 -0.4484706221657597 0.026566889100158142
-0.16706307129389497 0.17741768783301137 0.5282553160410215
0.1767565218110223 0.08717495902826333 0.8171771920065203
-0.5450605727041111 -0.014739946330099007 0.05525907213877268
-0.17009671666604476 -0.733902585447171 0.657499410191206
-0.819272620121309 -0.6340625074696664 0.6589140887394205
-0.10736678105151398 -0.9542097522541642 -0.09057033252819513
-0.5813779865756994 -0.5795204877146845 -0.09753632753780496
-0.3535732783395835 -0.5808401325431629 0.9755380747991202
-0.3500901059989687 -0.4921382541703945 -0.04648097501858728
0.7808047395211577 0.8961929413521048 0.29743072874274734
-0.1341626251745054 0.7269451722366642 0.7796009293188451
0.3928678823886709 -0.8744296265305214 0.3583185887681984
0.789238320868674 0.13685245245081679 1.1298295548565482
0.461605007401634 0.6658884694521696 1.0642358713479192
0.44612461601541176 -0.35492749842974725 0.8341282602903224
-0.28240830324679833 -0.36367874918443976 0.7038998560686192
-0.8320327300020673 -0.023541005837207418 0.8804238432027378
-0.2516275129395795 -0.814114293073616 0.9680245288575962
-0.17820769974058215 -0.6935289154863098 0.22945801139031236
0.5044892643644936 0.20597400744705774 0.8324170732370673
-0.10180297192939936 -0.9853326981198733 -0.16274083997053712
0.22918754651939288 0.5193581850740709 0.6206875220358836
-0.6239876817934822 -0.4064992670423382 0.7111559015960986
-0.09208679571281131 0.5086575141241008 1.176923259870008
0.5666815703137655 0.8701607347614992 -0.19438417961693502
0.9522192936024749 -0.3212220503968315 1.023067681865583
0.9756337759510005 -0.2522104683311248 -0.12011074083736736
-0.5387585498203624 0.43532212293460293 0.7880405560825845
0.8490519003961452 0.48588000913634977 -0.11367260611640363
-0.06103174596528671 0.5333804554038672 0.8146289836191181
0.5898676912804015 -0.8016816363759003 0.43522633176132425
-0.2509581759622095 0.07504205543934139 0.668898597446197
0.3961775273489012 0.24274068481574163 0.21099545281864063
-0.483092199012209 0.7658141992270209 0.40538030829853383
0.7123859029578874 0.6051484012443029 0.15074076039936984
-0.25992187222030183 0.21818215517359518 -0.008493261132972219
-0.6032793195807573 -0.7258265255672367 0.8240443816070935
-0.93121181470742 0.11919501396514764 0.6471812649872866
0.09359990055075107 0.8344227013165475 0.7580055915543524
-0.17252610905054322 0.7050809888315555 1.1458097868812747
-0.7962545743266345 0.5784184498570792 0.4370626238401418
-0.8865859772624145 -0.381791128883465 0.6906977209605825
-0.09173140694592763 0.14945308308539307 0.7188460154781524
-0.4254408348563401 -0.7409802495938789 1.0035509235957123
0.9628817864354318 -0.03570767751624859 1.1475428728987618
0.38218824524705686 -0.23590384926225427 0.16571238966801222
0.24305470291796039 0.12638548767317936 0.16454583379113724
0.341063343206913 0.04163895616074775 0.16018797774775434
