0.05498306801856834 -0.6883014657812578 0.6272727516976728
0.7192028980940204 -0.6938468999628711 0.8822185466065124
-0.5993756329732196 -0.13161209035690424 0.6343470794315322
0.08636138256492498 0.6130071203489764 0.5855542622089218
-0.3092671235686246 0.030062335962608433 1.0896402870437076
-0.8624595862044293 0.649906009909599 0.16261685941081616
0.39369972978432966 0.21347552806425507 0.0786600278693787
-0.8459434419908534 0.26098201115562647 -0.14221971067322486
-0.08797519239999652 0.7099885031119761 0.5039088392744169
-0.6474010854515551 0.8771487304528165 0.130014073805425
-0.9525335870225053 0.6073361002352557 0.08911374400385708
-0.050820133064060524 0.7840559395992501 0.4250663323954795
0.7677631346461034 0.8177521378837997 0.11018072330453849
-0.5598865803591819 -0.765646584890175 0.34633953313679594
0.848174515391134 -0.5976155974048665 0.526808206826
-0.14795445062696655 -0.2721930736673006 0.135476001696064
-0.70979842589875 0.9406656868977405 0.31005959323067717
0.2586006715183444 -0.18070492722918452 1.106169559595725
-0.9388233885336921 0.1834518186347227 0.23684984798281422
-0.45458666921380875 -0.6838293537227977 0.47880798667855357
0.7335391794603898 0.11368487098883562 0.6496447960922436
0.6439527357491268 0.7609577731106663 0.00048195440968185066
0.7615651576683129 0.05754645280414605 1.1822030171799218
-0.03512699958081367 0.13383526753423047 0.6084359176664507
0.8272882468759453 0.6226374634385301 0.9206073137953639
-0.4552111101205678 -0.9808177698993563 0.4091510583563858
0.701138369346451 -0.44398805421868026 0.8857023310927923
0.2760171568678369 0.09122180835066329 1.0628332833495608
-0.3019446847139984 0.20632516977246484 0.6053316380428375
0.5427598520968935 -0.19240625212125417 0.9796936317721003
-0.05919560883214259 -0.9298724872943871 0.2906797138614154
0.5464850046718348 -0.8310450292970455 0.6900829505094019
-0.21179956786247423 -0.41397714692100873 0.5770266069436745
0.6862298293964093 0.9232261928029464 0.6202874493908486
-0.803766031041472 0.9477133486710663 0.6690257027131852
-0.2802802649296485 -0.3594868645720337 0.3088844197799719
0.12891246555599878 0.8038752262651743 0.6878887973182097
0.08225415969209449 -0.23983690670044444 0.03492210677123228
0.14110853444586735 -0.8862191834987654 0.3263132189997691
0.524773497383699 0.7864115454143701 0.45534981820591
-0.6817940803255225 0.8401800498307426 0.22369076227322354
0.13664677652780477 0.47357261045316545 0.5563917629480482
-0.2053469069493783 0.2014805497492822 0.3340567793186047
0.6844854655528261 0.8287128458739581 0.24528036417850518
0.7150252032236051 -0.32710427031037903 1.1296853617079756
0.610434845125321 0.803902097840985 -0.1665173985421307
0.45318234093702947 0.8664091264023488 1.1999245133930783
-0.3548269628859988 -0.38925741800544467 0.944036474159053
0.9187952342345642 -0.19377491055298313 0.1392220065471501
-0.3122783901152746 0.08002945921896498 0.8255017910018174
-0.4223341614578118 -0.9103559537187458 -0.152992290634037
-0.0009735566842949961 0.8908523986073094 0.7673666531535466
-0.27537084193274186 -0.9642531903003364 0.9950701275082257
0.6295751690192875 -0.18724161754876367 -0.08261008271006369
0.38583810752488135 -0.9152078649028426 0.7818887755848578
0.8133480814389968 -0.02260517250072902 0.4632938651296445
-0.22805010692364314 0.5377085109253497 0.564080833644236
-0.0661483083343486 0.7185936906026373 -0.04802556877306935
-0.7754320647630193 -0.30515678433635096 0.8082678410779411
0.48781957014506294 0.4208582768429918 0.8021993054127634
