0.32138999922972933 0.3035588763894965 1.0156016350339359
-0.3275729773247651 0.30875608177517777 1.0264362315404545
0.521098061735763 -0.8100186571036623 0.828463803553422
-0.058650094301284206 -0.6874713274033615 0.14328943876923972
-0.49670187111398434 -0.44242596835405723 1.1041530695814048
-0.4081382172466457 -0.009097657602329834 0.9374491885320766
-0.6852429010079077 -0.7215508946545741 0.7215609368552842
0.8614659107250455 0.6234647739963803 1.0122194506370303
0.4091222202721163 -0.6849237383508509 1.0130498462457673
0.2720088241795242 -0.036863476729992684 -0.0712852758525058
-0.8421379827875064 0.6808994797059267 1.1289864345225227
0.8985505510768843 -0.39868340284396564 0.024137709598122503
0.9124425564220187 0.5083949472093505 0.5286433448546628
-0.9499667611281528 -0.9105477652970375 0.356037899079716
-0.9227945270074691 0.8759521592020019 0.6230537527161009
-0.7728662757380274 -0.7383691848560519 1.05275937965307
-0.19414105698448392 0.022239853898619266 1.155367886306275
0.9972487034429338 0.19596487829347353 0.35542760060050577
-0.039972678550284524 -0.7455421717706308 0.10614582400884615
-0.12595852026814747 0.2508918722643694 0.7892580970241472
0.8692658948442418 0.5037543673669767 0.1670521423326134
0.9674662280247466 -0.8898280529938014 0.14795105869679037
0.9358039584110294 -0.27560931096061436 0.8912234895539748
-0.8164311662503243 -0.9858047494580839 0.808041898268206
0.4111799904616058 0.47987346426215005 1.0925708450404874
-0.024217962518181535 0.9213495977524222 0.7634147190966176
0.8651238762856708 0.18389290225499377 0.7524209493742371
-0.8675058690409312 -0.6487884805050672 0.3777894232226631
0.4981744936101731 -0.3701102108825518 0.8438515968934508
-0.7724920005031692 0.2740465214478145 1.1672444721756092
0.7159920835217262 -0.15933971861235796 0.8489466535770216
0.6019536286050116 -0.6718451153295599 0.5441771796170307
0.401583442749603 0.6933735284112896 0.8530994363057407
-0.4500255998941767 0.6616131639714877 -0.1429100813109162
-0.34523383873882807 0.9595315542193734 -0.08143365068208497
0.8177146647863252 0.057553307013366695 0.3857299532702964
-0.5541689270832968 -0.695531516921335 0.34213136452213083
-0.7505065378601585 0.2613681080558281 0.81150314882279
0.029543395763575342 -0.2847397061123145 1.0930313898286463
-0.5669704560393365 0.501884776056484 0.06789338450181742
-0.16266574022239944 0.21083451986407598 0.8799095995788058
-0.8915434891235847 -0.9021102857068231 -0.10633198771809557
-0.44038818960773995 -0.6093847727651764 -0.05578649033892191
0.3464756825030102 -0.5437154545434082 0.1867882003662784
-0.35241619003581914 0.9697939280024805 -0.18655314148717478
0.25535451142378407 -0.8797600881184318 -0.08400201647810836
-0.2191729266592215 0.08596082940270788 0.34286379794467686
-0.46580339520612113 -0.5863654351355851 0.919553287640883
-0.03563776767764626 -0.30181701129282423 0.3596056869509822
-0.6179743411927667 -0.8807440614893314 0.69880085593404
0.12131503086629225 -0.6584349508368466 0.5130380393517568
0.10423503952516366 -0.07423911834583152 1.1966667349412408
-0.8987841058539212 0.468796587041618 0.8363779013196344
-0.23181412395116774 0.05662755247177742 0.4686974908498926
0.20052250150799855 -0.14148627486449894 0.7367429789127435
0.9432683923816776 0.6014440836134538 0.5358372399379254
0.7013024362638196 0.6302341657323518 0.12868816605736488
-0.9572604068397201 -0.3324224588229179 -0.1389416277589303
-0.5899209428155832 0.16538981449277923 0.14747273630985497
-0.03876848968492608 0.4336157345859353 0.6803806561708103
