-0.24077049496219494 -0.8852709612771981 0.2748794469039537
-0.8159971216840181 0.8121758662568961 0.2349154535152535
-0.10746723952761617 -0.5716697562902213 0.5344028426965926
-0.8429205471217824 0.003509789846970701 -0.0002604465641508624
-0.4974579591730237 -0.7207854820999313 0.6968820712764332
0.8707922434615734 0.6107815743687444 -0.07457612096938793
-0.5083232347070792 0.83969274043256 0.5095524517654444
0.9199463031691515 0.49039209627714286 0.6227428473481138
0.13555900513427233 -0.10129325042467197 1.1080500039113534
-0.4061723267318649 -0.5260497458798337 0.8754504154784579
-0.6905635406822797 0.7436003219767304 0.5077641644198296
-0.26114890233792143 -0.24589579628444502 0.9773269267803493
0.03399578600603603 0.3990948276902937 0.7840108225251043
0.02065343428913735 0.24038016539273732 0.5499874887903218
-0.4058474692225291 -0.9444924774824657 -0.0925305573928632
0.45502321040407945 0.8176924281963236 0.7228371318026696
-0.1380399066205713 -0.24151559003644296 1.0051286599199798
-0.6391647431670577 -0.6445477713562944 0.8048923470013547
-0.32272518832005503 0.5366539396065613 0.05726281720591164
-0.13791827933763767 -0.1327884569507478 0.7110147585510156
0.0034973951939807346 -0.8098169138426881 0.5990131422914742
-0.9144819470238672 0.9997525199623065 1.0915131206759
0.5768560544302839 -0.9893561522916059 0.1361783256602493
-0.5151815456364746 -0.3635013291309912 0.08278963909691561
0.4858127652057673 -0.12160366210643181 1.1797934947261228
-0.6247902990330201 0.33286012961114175 -0.15513888777827453
0.4611781986716841 -0.34038659830677354 0.7095590599607653
0.7865348025439112 0.7073278166950094 0.6073944567913059
-0.5849504355184747 -0.7741178801253235 0.8218383192175844
0.18735530382192622 0.9502372035723299 0.25028923023795796
0.5592802161307682 0.33275126055191495 -0.11929301598693648
0.7522501427227055 0.2101647852149775 0.33455498825259317
0.5039687681656193 0.3899166039740587 -0.0544574480896855
0.6447417693536677 -0.29139958553177747 1.045463835237538
-0.273421087938051 0.08187888590232872 0.8254646925803459
-0.6848737904404778 -0.9334371166179698 0.17048422847364503
-0.19751482299112655 -0.62811680896166 0.42981183962239317
0.5228421337302234 -0.6380807722836968 0.033480482310963594
-0.8148642075353574 -0.8127543739317014 0.21887006653778007
-0.7547480492884322 0.07615050344695806 1.0289313565797362
0.3945905526200377 0.3562850729318112 0.8099250861147826
-0.6238794017576119 0.4316280188725161 0.9823479725724897
-0.711260926480644 0.274182391358871 0.7477321485179538
0.1311510236086757 0.6135586857974413 0.7783731154984679
0.287393158281396 0.5116237291869243 0.6530775326569394
-0.6267334599152548 -0.1796895433333563 1.1296139389204234
0.1174565277508739 -0.4753941340008565 0.820922865163026
0.977051272020053 0.9568566718740137 0.9392377778217966
-0.817796713965514 -0.7007143329347576 0.7484386887054213
-0.8842102797087736 0.4267566530828726 0.6110784636733488
0.14878421716419843 -0.2642881967802311 -0.004041414730286352
0.2648507600927448 0.5811728989359233 0.986080481552821
0.2695329640264543 -0.6719386712626825 0.5623829403207821
0.843761063032773 -0.4424891873642347 0.42970988657014536
0.8195810901059986 -0.7452424670891313 0.5876780965480508
0.6980610010969162 -0.8558344362182375 -0.19447153192297945
0.6289151433852911 0.19725768879236383 0.3655490581937764
0.46155311682421285 -0.4226883759207234 0.21664865031870983
-0.7988429605531868 -0.5832339131703717 0.6364458707977121
0.5289333694303315 -0.7759869435740778 0.3159874852628484
