-0.5159378128725123 -0.28967212249681107 -0.1614759931028148
0.5329715813809681 -0.7474567821389821 0.9946682554173965
-0.9142070873295671 -0.41073363875196134 1.1288748518371396
-0.23675935737193776 0.7400803373630325 0.34183573778038817
-0.08355867249106796 0.7130138020521317 0.18789900232305096
0.4484862781974892 -0.8754745518113451 0.9113016371763043
-0.31388568677522 -0.6947754596361564 -0.030962447412716143
-0.36550465358390594 -0.7577557656452509 -0.0015464269664494934
-0.9252023716220035 -0.0023664093891970772 0.4657504297253287
-0.43308945933179666 0.40143985372970814 0.4811349816188632
-0.38130119128635975 -0.4415946211227606 0.09701118575189815
-0.11716055557457827 0.7092759619515625 -0.024368612693122738
-0.46501512839102666 0.5033016446272185 0.39155740766907327
0.28446280331604723 0.8171160697022106 0.41553407315563856
-0.6090599745505301 -0.2897268804716371 0.9097095318651867
0.9225029482297442 -0.03637867064881917 0.35587962611268603
0.7922117666849049 -0.8826752171893208 0.06120508938004088
0.9760302877004838 -0.0792684043501537 0.31250108995486553
-0.3157425839841701 0.2614201479836873 0.28556423799873965
0.30634214588976505 -0.4989122400326724 0.12567298319452952
-0.33144648012526146 -0.8822129424622351 0.23807372972599966
-0.48204720256101097 0.5787518389437538 0.24943430629622604
0.45924067248610445 -0.8874110999873517 0.2214240701837802
-0.47072843721876745 0.9111168279596709 -0.0497258983599273
-0.45983663667902874 -0.707286077600447 0.11440973010806726
-0.6340520618107266 -0.996903908143757 0.9767626278211896
-0.9784797701348944 -0.6612470893078684 -0.10521115514274834
0.6729824634432504 -0.12437376506994102 0.9147828119113453
-0.5140702372902808 0.6647483358273287 1.1900145409428904
0.9103041132495409 -0.5210351596743195 0.11274317956025387
0.787007400886861 -0.09814436424714779 0.41885920875779076
-0.09412214655313433 0.8013422475928564 0.6225898455775261
0.1220255382257005 0.3042999026883153 -0.048780605239157865
0.5544539323994682 0.28946346422936364 0.24206472470606588
0.6024116738888887 -0.4280891555371915 0.9384594102735531
0.036803237192337246 0.2619448468233667 1.074205747773595
0.29247119743784755 -0.9632032081075204 0.34723072928775517
-0.9405870842858308 0.4232652167601054 -0.16600047072944735
0.7326445088402063 0.054570540710533244 0.2850642954849528
-0.5060451798409369 -0.42743250523927023 -0.06581486942904474
0.2361937641280598 -0.7370725636262225 0.23513608688985116
0.46012152258805217 0.15233797082329303 0.533224979248611
0.750690822439187 -0.6646870997039358 0.0561416365332727
0.5691101162867298 0.5955612615199408 0.7930880470988617
-0.8803091512920893 0.7382500297173549 0.5544639341162496
-0.27716605743988776 -0.0744496169073261 0.8367909958402302
0.14486341914834266 0.2983951089927712 0.6452764607782415
0.9579812762822837 0.8273489152848092 0.17199775172271164
-0.05838248402674129 -0.9097750908738096 0.7542925249103711
0.7629686768900479 0.7592143324924845 0.8491076853191992
-0.8793881673996613 -0.8053077085245062 0.5979725139459158
0.32701952040806104 0.12394267400632719 0.9008040061769846
-0.2159577285990948 -0.39414546857059696 0.7897964078448139
-0.4423648967194005 -0.44486969645255625 -0.009845549296445238
0.4380952339964521 -0.7864072661571475 0.34934709086596744
0.3310978815569532 0.7980809432251725 1.1383536688224187
0.0724458449585994 -0.5272497933149543 0.06787681189444472
0.9291126678729837 -0.423964155373751 0.17578562137076192
-0.8522345388410688 0.19545986535116144 0.8958361967963717
0.3713866774175134 0.03770190455392819 0.06124565080377342
