-0.854211803161625 -0.014673359024884425 -0.16196003025491373
0.6099983839032224 -0.684200392236219 0.23400649953960762
-0.15529604327624935 -0.17905375736745066 0.5248884445614512
0.345838745653851 0.8280207205881598 0.09656238605264605
0.8195185964145051 -0.6869062836080198 0.9350120892791007
0.21978364752956536 -0.424326663423519 -0.1649234658994586
-0.31226919414283705 -0.2752959782252562 0.5168670198217515
0.594993277482214 0.930051923390139 -0.14918342650290145
-0.3310451765948237 0.921734019825108 0.2604967418825592
-0.2101740600194466 -0.024595095454841287 -0.09347695630678007
0.5631573250994293 -0.06964900931744356 0.6667859440237525
-0.9634442666701728 0.5854917651111751 0.16443709455706212
0.648119812765289 -0.8321642166163554 -0.18927044139369115
-0.5789394014190854 0.14863117087238797 1.0685008086701693
0.18621162532018976 -0.5307291619853256 0.5890493544650044
-0.05117136705747982 0.6298028311690307 0.9719300261194901
0.5589495002708711 0.157308754189031 0.6796672151643717
-0.032608517825096994 0.23264954116760395 0.9083836081942365
0.3295607032026997 0.3256607979371864 0.7101751204654536
-0.45655840655979296 -0.16339884177335917 -0.0505503363027954
0.6895182993414335 -0.4484762870940264 0.9542413438300927
-0.5691389554459843 0.05974939594514117 0.9181422636184224
0.3842491621040933 -0.4508200511902771 0.7624475013729897
0.35149706493045496 0.8853324455721547 0.12213603841736848
-0.6764480860895552 0.3899525925461973 0.6187309544977664
-0.6331631762006424 -0.8579118644048509 -0.05980195852185341
0.15139064333520547 -0.5055204968353899 0.16873460695919268
-0.6056898259267125 -0.8877028583700186 0.24450291509201538
-0.1525569379426559 -0.7152128790793795 0.357382950341044
-0.432471340889802 -0.6839088569070306 1.0905097681836522
-0.221779460705253 -0.2725122495562826 1.1998756132523003
0.4598641236283456 0.6694099851341699 -0.19777719612222527
0.8269286160177403 0.5775876966725113 -0.07517958142807564
0.7918499163390915 0.432958401676651 1.1898712885567762
-0.009745739764065453 0.5436772084467749 0.9970707077259782
0.2573784853216503 0.907106752733658 0.33539901305248404
-0.7465837808342168 0.3931778114393343 -0.1793216238441906
0.594167939551338 0.8476587231809949 0.23683789913578546
0.7468066215101066 -0.8288258818904652 0.21888828951807465
0.011628466393120318 -0.4739932443755437 0.5181686087022261
-0.4427498188156611 0.11874067285653922 1.0955439032698064
0.6463427133353821 0.9193039933494276 0.6520404627660994
0.8474934951906379 -0.042956832949456514 0.14476457171846824
0.5515362991045301 0.04291623508846443 0.3243077311219728
-0.27561824364612875 -0.7912384815698019 0.1207776907562948
-0.7059887073421829 0.8705318349401723 0.8188267418173489
-0.7694406733237396 -0.3788215350269999 0.49508577677225524
0.3356540213479138 0.9014507515024324 0.9918837400654212
0.2319669940091258 0.24927161556257738 0.5867903490348494
-0.13049643175685088 -0.7307157183972228 0.15244234811274143
-0.8358611378915346 0.39252740700666333 0.15810879900093627
-0.45120312144816155 -0.9569658662858538 1.1153281236913377
0.9970820651859074 -0.5006629996831142 0.7988245050605458
0.28787123885014587 -0.057462939537710644 1.0958317961196729
0.5367464273805793 -0.3033401634501218 0.8737066614886997
-0.63338231790799 -0.11025815074442313 1.1647514207789225
0.21523613426444066 0.7493654222120179 1.0774369475053336
-0.2790409548893076 0.365504771644505 -0.05863787649160565
0.8084209407535516 0.7529089202373931 -0.17017775582493064
0.5411805636771001 0.7469054449053456 0.33476044023576296
