0.05175959802478158 -0.7591790966053689 0.6106175588280962
-0.12838498652411467 -0.6398988117597342 -0.08667122401278302
0.9781969948672484 0.4264686774869386 0.47090771707946405
0.39783813398388057 -0.5868553913472621 1.0041850656179934
0.4981130990238587 -0.640765866973183 0.53469803068162
-0.9232881274076259 -0.9226521020658585 1.1694272311618694
-0.6585744460963348 -0.6023327665803546 0.6185213847337441
-0.8024388850290605 0.20666638783000835 0.349861164371782
0.5435010209461983 -0.7544503619158238 0.6095854019150424
-0.5546158027824517 -0.7594278393420382 0.35590224911368823
0.3675166552254798 0.45793468094602696 0.9118143248343238
0.8225829441154937 -0.2093370252297242 0.7522809223492335
-0.2401166144802218 -0.8353558569151147 -0.14949954410272326
-0.28563983185221553 -0.604791031921323 0.3773091807552305
-0.5381664473069694 0.24238314554150797 0.7465373771945201
-0.6348931646716238 0.5890863829769086 1.0821127344958719
0.9192828939339546 -0.46263993601577713 0.7983839172240592
0.6372012743858462 -0.7475397361798197 0.5289503763655554
0.3144105957034171 0.4839696607348456 0.8863413821208554
0.49763101865002435 -0.6411154159622017 0.03728616910988533
-0.5815671368624875 0.7683126249844006 0.19877880643829282
0.8352705172314423 -0.7290029838282739 0.9006932103554377
-0.7075932993574965 0.011251023311809272 0.8823239463186408
0.036251370928243265 -0.10078652147115674 0.8072662286440704
-0.14382506252317362 -0.18064498337808788 -0.15003787889106612
0.44355127083187074 -0.11064089357705265 0.4994650241047434
-0.16844895610487898 -0.23954798578618153 0.8416182003314272
0.7762083547224086 0.7559929504092717 -0.08036253481653814
-0.013339402694618752 0.9844952296465928 0.5086063497350488
-0.5474780979208829 -0.4742527180110552 0.2760705080104676
0.2643321030271484 0.6873486063918837 0.047956859902747145
-0.8346698624894773 0.7531118686086997 -0.03660189835226105
0.04477538993477803 0.8904979552319292 0.5295393327869333
-0.5037222175885969 -0.5868682579067233 1.0040515407185147
-0.1464743839034004 0.11782150217385112 0.5676095986401528
-0.26394478469869 -0.10867949324498927 0.8827746883484946
-0.11874023395129707 0.9309681985065084 0.7774067471886681
0.5388797490388708 -0.8910404746552156 0.3674668208069733
0.9631504741000305 0.6701002454247866 0.406450038089435
-0.2051872006086346 -0.03017996674318768 -0.0808387554073144
-0.8840284088980161 -0.21119378770845043 -0.0634286054588718
-0.9548373913170212 -0.6106152073666593 0.0668827518806207
-0.08361475258327822 0.4073448184531696 -0.020656434801747003
-0.6992715893628405 -0.6115735023417412 0.39677755035245627
-0.3301060028645888 -0.34604052208778 0.7257387820656735
0.17698388372670526 0.6260228796169385 0.3601475860841568
-0.022448708455267585 -0.6557515499676445 0.6448778307264933
0.5878305805555484 0.03138698986856925 0.007652235021558373
0.41657513857076367 0.7773886060486517 1.025914165771529
-0.6943031233810186 0.681644663092692 0.8063800093374789
-0.4388314574927983 -0.6069794580077539 0.45452734991381455
-0.11848130090787135 0.45086537839922314 0.8595957472841216
-0.4410199299793376 -0.2820261187951534 0.5619516503721071
0.01073471416433125 0.2529611326558572 0.6634799805199987
0.9809168723685893 -0.820844563408996 0.44242054875616393
0.6566062093798575 -0.51399735506459 -0.019286995241897087
0.9334392732053576 0.8742016637137546 0.6206131981157936
-0.18066325378479298 0.882458190777395 0.43394173219346527
-0.2540358053857015 -0.619752140014707 0.3240124091881564
-0.10392885230993576 -0.5609472643988096 1.1573193176929306
