0.5748234780563442 -0.17835140896139534 -0.19151634620059485
0.5191719057621798 -0.4716916970123288 0.7886507621836067
0.010180923507286721 0.785780330668588 0.4713567760707465
-0.540152788130172 0.6657794042659066 0.3834102816472467
0.5843774135230306 -0.8721203373125936 0.219234629487082
0.2734646653136956 -0.28439239840691877 0.6797149260930024
0.32230348914824525 0.0779635859647565 0.278526511398213
0.8969737102919195 -0.36990092032147004 0.6820944527990012
0.6711722241114657 0.7602458198341935 0.9903304486782079
0.46405768056793617 -0.8167841493930887 0.1842056962729383
-0.502164442010796 0.3154954288494285 0.11542752776183285
-0.41082106146916364 -0.29821983207123126 1.035957468651538
0.24693223710276713 -0.29477370386766366 0.6917040738052853
0.1911024326513857 0.42338781832148253 -0.15058965071090402
-0.622316022624142 0.46258919453896197 0.1925758667245186
0.020401229068884863 0.3079823013215228 0.8335929315173711
-0.4263297764635956 0.5145196955097222 1.1886192318886066
-0.4664502228386236 -0.903279298413578 0.8892964067988538
0.4495502071333788 0.6997357823666028 0.7799219094918008
0.03722747471269283 0.86705247952903 -0.13062092587897745
0.6908632632909191 0.195699317134979 1.1468190138426302
-0.41689109287648374 0.970367447303996 0.9616370744856664
-0.6019099780349753 0.12885824485314434 0.5914340656338597
-0.705358210266446 -0.45141075417863075 0.1594399504376795
0.20299731969828505 -0.8682953244490628 1.0054465535340884
-0.06085860067099014 -0.01117551698017194 1.1343546876664081
0.6926898162904105 0.2277904490512841 0.9161422432136956
0.1400483073365999 -0.4027951786664168 -0.18521939266822252
0.7213231086893996 0.3926990196675699 1.1885074411631407
-0.22049067099952024 -0.2558490977129848 0.22785263316861148
-0.5607163328192917 -0.49548379783508256 0.8814670606928303
-0.06250673249480054 0.35788926779645935 0.2793949568086949
-0.9849138977619607 -0.36187279059458644 0.48977371157689137
-0.11916367079003609 0.6837235959766408 0.036840598105330136
0.8010567058792302 0.848841480572357 0.07145008458218166
-0.05691649017853084 0.26632597390020063 1.1012034270190556
-0.2592653457321259 0.7088946142579917 0.020449747110186822
0.9735645442686887 -0.24024484297564497 0.225171795332828
-0.9813047033981872 -0.4969926921496399 -0.11873353116243938
0.6965438746561148 0.25685734433060325 0.07061906679043767
-0.5841240824051037 -0.8629414941433777 0.6703811429189923
-0.7464076513907969 -0.19786249045845072 1.0701166794178643
-0.2322142287021569 -0.8072875478818335 -0.041264006175949525
0.5029721483075025 -0.9877994113164994 0.9665764179990384
-0.710545384386639 -0.6664307045378681 -0.060999315354875294
-0.5957596941127319 0.8484232826010802 0.9656016862610448
-0.7083330379011645 0.3672599475296794 1.010264594015558
0.06444162232017425 0.9171316072962297 0.6485271879204533
0.9567026433092463 -0.0031584401141466767 0.31416876346812866
-0.8848369410054018 -0.7412635236360898 -0.1576893448544368
-0.8805899606349861 0.3477663745327144 -0.13339574507166319
-0.34061378116458774 0.6356860895632934 0.6152149255455566
0.8871225859149201 0.26374381046804873 0.3491682426068768
-0.374249504556609 0.5109165998266068 -0.117211465406919
-0.1294359558724858 -0.25174935647703833 0.5890850573245887
0.7641854128216838 0.16755774573196947 0.9791785357882767
0.8044050606389757 0.4735838803566159 0.7941908950995287
-0.7168585762858259 0.6212071056481223 1.0431503595341696
-0.2896883791758804 -0.6679807770122184 0.604925204229847
-0.7948988770739309 0.9083269420102358 0.8743623530660565
