0.3602514235829055 0.8738871119455747 0.12160761181292074
-0.7604667624592538 -0.7239486185438291 0.9739132286555188
0.6803199390278816 -0.17028004392826523 -0.14398387315087113
0.9904397275538903 0.284693149337617 0.061114995760311375
-0.5014424055867703 -0.8158005512111195 1.1970856094550104
0.9142921643097723 0.7041918774387306 -0.04829338836008096
-0.5667206556044957 -0.758586199897 0.5211746334820384
0.5203955141691994 0.684536152329696 0.006670558187147513
0.5154484926384044 -0.761463619652331 0.46684279675423673
-0.6648547013146107 0.6457220266401624 1.1641784275719238
0.4713882465930477 -0.031026406615436875 0.4004690475773523
0.3242209217761187 -0.3788040263973005 0.7445996287214474
0.10509057786636888 -0.40633553077713236 -0.1867799570185176
0.971138498718277 0.19960271356058468 0.6985085473556356
-0.37311795554278016 -0.6098669575697273 0.6680410999539161
0.5231604763485107 0.6994703611371098 1.0807443679446969
-0.5513700451963557 -0.6946495052633197 -0.008774081614127127
-0.2853558777239176 -0.29518932845515167 0.5872258692243542
0.3955667559122562 -0.526063916830986 0.16402888782829794
-0.21122870635379987 0.5330066411650622 0.4842820542678304
0.7778599667717754 0.8585406565479938 0.6425132670687477
-0.21456224887471942 0.6124086191280644 0.545787231626802
-0.5183636471763207 0.7440186351949989 0.21568538448105162
-0.023619147076430647 -0.5646099591081251 0.9917518500142317
0.4736360675406417 0.0007071606092825533 0.382056989159783
-0.34670194682882705 -0.9493530136115198 0.052517064354588694
-0.8844260373890707 -0.8861373954377505 -0.19166321961833474
-0.6352800079779028 -0.01026243600943788 0.4527091006470238
0.44403202138375697 0.47856551780092405 0.0050772428812238535
0.21906604676315222 0.8578026405337262 1.1026322319604245
0.05962249029726174 -0.6260223025022049 0.8299812304267102
-0.5861494629738855 -0.6240408897553251 0.7423776389796499
-0.10077366493116635 0.5723262829755213 0.35913230387979284
-0.6934224257295225 0.5071092787924714 0.1530476426764898
0.7992792250376142 -0.37636900016418595 0.14844226447085185
0.9841815329852519 -0.9706797432355938 0.5582940090606567
-0.3035036708646268 0.9065449550517839 0.7470861421280628
0.16973660714716265 -0.3895246728659454 -0.18348557984407418
-0.264051968796309 0.8562162754065672 0.32043569553193313
-0.45402947245593395 0.9191945715678849 0.47367506681616695
0.8367013385803714 0.6281479419137999 0.8065944347198106
0.5413967464231757 -0.6481374708547591 0.17905531133252756
-0.6762358338662671 -0.4413867128168685 1.0158911048241621
0.6695562202447909 -0.5474703018333478 0.3466783534029189
0.10773559297016555 -0.7919753020650055 0.2637043807203414
0.15364680100785155 -0.8028615404026649 1.008654932320138
0.6657633755739683 0.4713081806253867 0.1998306567122375
-0.3621123121291292 -0.07066015371045675 0.9544985056169686
-0.6937240198466534 0.36347103171983997 0.3015504420006246
-0.4333725168220277 0.4425623406450996 0.992690880474258
0.3165214841987989 0.8182510918510597 0.1163115965432438
0.7638501865904288 0.48554788493690704 1.0402531831854196
0.6351880296387908 -0.8528758749402197 0.753373123964546
-0.07722175980791457 0.4666905554079741 0.10969534727641955
-0.960545906492843 0.27762592116093 0.3436667634690808
-0.18196268030287155 0.022499602344830283 1.0980857234724066
0.3228661370634265 -0.3131563516582798 0.25814801825715306
0.6647202301185693 0.5424337482185415 0.6800298038666936
-0.12289327755839352 -0.7402917612134197 0.45564914363861436
-0.827700489676575 -0.20634551421048197 0.5351576524957455
