-0.6366778276861522 0.028078126161632078 0.7360914103398122
-0.3083634220216849 -0.3778250798102556 0.4697011639515272
-0.608802761121862 -0.4198346083915636 0.2124765873108258
-0.7680172147673572 0.061033512666398115 0.5586062895243904
0.32653319262463887 0.28594543962895114 0.8578766234768604
-0.12481745081177587 0.2297317947761428 -0.1745515315026573
0.27776725834768556 0.8855664098545162 -0.14871259960306626
-0.2399213036060437 -0.30322794115988283 0.4601115985010222
-0.9701333521441029 -0.8521947872817386 0.8844161549838978
-0.44329006555492234 -0.33774210479615774 0.07091993439834127
0.062079085176988125 -0.42344247040179295 0.9640747750056025
-0.6357927595594512 0.2363132862371624 0.3982652770001907
-0.146241507509133 0.4878357087774807 0.9440574623217914
-0.34779693063136397 -0.17996942749609102 0.5257338448945499
0.9856590730509169 -0.01911208941539977 0.14219632543573318
-0.1238033521581905 0.6460285727844675 0.9536669409661334
-0.14535864050647773 -0.43502152078724876 -0.10946228458637239
-0.9310403165480543 -0.6031965417867062 -0.14516610591301546
-0.6312679405948445 0.6234461431408509 0.9623383444798075
-0.9095051833778933 0.3047643829105411 0.9301397882583895
-0.9083538218270517 -0.4393926487029738 0.8565158800379951
0.7913525606006504 0.7342747781341001 1.1653303253931293
0.1525332887338131 0.567983944175674 -0.10545020677603316
0.3675636926162458 0.8002390548698133 0.37058680146196904
-0.5948496113088115 -0.5253546360384991 0.8816212396164209
-0.9290214053767025 0.7033612362238075 0.6628494878741567
0.3994422248744829 -0.17421842114538588 1.1107937887822947
-0.10542872994158747 -0.4669317648282383 0.6198714931076086
-0.08361937427050292 0.39495113898884115 0.31196019602996655
-0.05649105889579298 0.37614292090529156 -0.16640451224219832
0.8585666451600067 0.3890133015828805 0.4712506299969728
0.4485669341183889 -0.8373428264102452 -0.001075327760894751
-0.3053359249135612 0.2823551103254749 0.9639761800231359
-0.6085219906973374 0.17885308286673962 0.741889048392288
-0.07667867903781889 0.8463119701721566 0.9126745689423421
-0.9412320968380656 0.9824783053876329 -0.03877343991953161
0.5776926451390205 0.6420234814729582 0.6521940420921954
0.5425062871139865 0.37864065103555067 0.6374452347024482
-0.9379325540550767 0.7514364556896014 1.0903977124737334
0.48533896362354745 0.8055172113285551 0.9135858499107501
-0.7093219461374063 0.9273867262002433 1.0495928209203254
0.5804337278681364 -0.4163053551065923 0.38866137261541517
-0.798774869012326 -0.48973790240216286 0.6885219282447479
-0.8648539828520976 -0.23008326779465027 0.9089120433093163
-0.4459822171008261 0.012684837878693678 0.06496747591912988
-0.976194194706145 0.8068998636012534 0.1271123790596756
-0.16272339676540448 0.6869438377230828 0.968968289630145
-0.89976980492866 0.30229513460096324 1.0658040438056098
0.5038955990444298 0.3894543822016008 0.19421945728567253
0.9217522912321243 0.9582084930042858 0.4356081517142851
0.6703186889575954 0.7219249116811108 1.1539116236880935
-0.8945226267844204 -0.5081242408050031 0.38866273806456636
0.9020979123880861 -0.0919389638801924 0.5992569350825041
0.36788167087387214 0.5184310889570225 -0.14527205100591134
0.7502195906067883 -0.03513590108234399 0.07291504498287399
0.28949976400349775 -0.6077675706664343 0.631941188575796
-0.6503645891239311 0.5376496350272812 0.25996674727324803
0.07705693157364513 0.4221416953175141 0.806819179081208
0.5761298566006101 0.07812153431536295 0.10484868307267231
-0.6263001977925056 -0.22031828066010384 -0.035034703555775454
