-0.34472754029209085 -0.9964634472110174 0.5868536974855936
-0.28435745981948046 0.4196052175020799 0.755350061448397
0.294046724825352 0.7597239214318863 0.8505180520125497
-0.09120861374866629 0.6438541203215364 -0.08152396276183504
-0.19352424015753278 -0.9646337654949177 0.09702916281240731
-0.6161081977606859 -0.23843515671061888 1.0140356753646333
0.01785845867504987 0.6371254368218511 0.46872900988389726
0.07182895112428311 -0.9978867243338954 0.30336871725476416
-0.6901068393894338 0.6838790657788067 0.9069612522193451
-0.6749770868624962 -0.32758664407198745 0.2386920185611197
0.4398105242836856 -0.21405740405740703 0.2779516809780235
-0.18930393612124452 0.22411764565788328 1.0523858451606025
-0.7120819954281836 -0.2683636229268498 -0.027954985952082845
0.8802993966283013 0.9952413093419707 0.16541865314901455
0.6451593327219483 0.8791518745469407 0.44442934401088535
-0.8675228415785505 0.9151516058422184 0.9474819389218361
0.9462287786472563 0.06767583361430551 0.3732721861274289
0.5066899863104724 -0.4299532407627351 0.0731587957248438
-0.19144501400779745 0.023113576822380466 0.9255452699745992
-0.8979983512333398 -0.8344356476028543 0.08722394350381674
-0.7115731192148984 0.07832647384929814 1.0250569756358296
-0.6452521894175471 -0.34625591656584187 0.08870844184251075
-0.361192667349592 0.4536175779367413 0.02749233427245526
0.8713468838533742 -0.3946948468049507 -0.16041380939500388
0.26533922125711196 -0.6019420843559256 -0.12887587766537228
-0.8038132598812284 0.1678694584030982 0.2928882944985208
0.447974284631135 0.17743264835664618 0.23994137694524104
-0.8430188400268557 0.8064612539113751 0.5270658152019683
-0.24154621829866496 0.9031165282179692 0.20219114645667124
-0.6224024609843166 -0.9936616983610802 0.6003741328749117
-0.9279933268521185 0.35412691943588337 -0.19965664176119194
0.7597085277460147 -0.4563193719253422 0.9324423222786269
-0.06169185339143923 0.6761480944864569 0.6836683677864968
0.17511190546847555 0.9973975746323303 -0.017783862015457258
-0.6967112061557554 -0.26575822637441937 -0.1701621450342755
-0.2617156797364657 0.29619164784699725 0.3312770573632898
-0.6488210569075266 0.9723426706417375 0.8313154328036296
-0.11064529929218314 0.807225976736581 1.0058711734103232
-0.7415593021941926 -0.42225207880720017 0.9927938482757857
-0.3094977072488043 -0.3655522741116468 0.16898570761483755
-0.8876986510793676 -0.2902639538618663 1.0074605790710207
-0.955571277768219 0.3895529765767105 0.5416615705286929
0.5647481379424417 -0.8170666042061425 -0.05199620630633475
-0.2043770104765159 -0.9620986628716766 1.1806138786686309
0.42767634879789695 -0.41746142265504704 1.04289362104438
-0.30929901763129775 -0.25968939643710787 -0.19723912169444058
-0.8882563713970786 -0.7875270513779848 0.7377154963117802
0.7750227421959441 -0.07211677279158679 -0.01725719146936225
-0.16955311965934916 -0.63930375908216 0.9688562576144331
-0.10662713634519339 -0.030827727180305464 0.7902719065582291
-0.9276412197690207 0.6303310646175595 1.1315585857915356
-0.9477950177005701 0.24186664339288666 0.28458389134789525
0.49642205145576623 0.89071332410869 1.0837746145215998
0.9082693563355495 0.20727946549659348 0.03391277317406316
-0.543331516702465 -0.22985597258177193 0.9777625691851732
-0.5123994229199795 -0.23607176915096995 0.4289264006041627
-0.4357525178424173 -0.6573050271431784 1.0418841092616085
-0.41215869166239427 0.9104711014626297 -0.18528534152892706
-0.4973849274049207 0.3730168081264662 0.6996417753913815
-0.963831381745824 -0.06051471854675672 -0.07600447224269644
