0.8354805508306857 0.5074450853197237 0.5465683902698846
0.3885669147477169 -0.587065914540557 0.006295051177073213
0.9760925448568349 -0.16603153263771953 0.25544527517092963
0.08969882171200627 0.5287330264200405 1.0167289307375937
-0.3420397821571537 0.7335290051523224 -0.08753998941780791
0.4671197505750162 0.7650374708710188 0.36338220620088874
0.9261995914376973 -0.16518469170866967 1.0334674730784401
-0.45583242661117773 -0.7149143294084839 0.1613155172757404
0.3015603571451755 -0.9746464505563246 0.5290378564895684
-0.450872723148956 -0.20624168054059755 0.8237471281584507
0.33046016079933094 -0.3360396797684648 0.12136174398881067
-0.9515844056228431 -0.17769727464251228 0.8059949388723551
-0.012298068187801547 -0.4365204539409566 1.1915371365337102
0.9165594381548565 -0.4030828572873266 0.9753166273530298
-0.29887331428458874 -0.32624501905817316 0.11109651027157424
