0.2689364427759606 -0.849244785660483 1.1503894144926505
-0.9310199773194345 0.027375994108405743 0.8806403071948472
-0.5025394755155272 0.1793294915491972 0.2639541713568731
-0.7005918919663956 0.9582893570340474 0.9594589783904615
0.3118403670516319 0.6441908353640775 -0.14490566511003738
-0.05286994914702681 0.8340155415772201 1.0427965380544861
0.1702581811768633 -0.21035899171903583 -0.08671307819228957
-0.38491441229050727 -0.5519876734695446 0.6866023802188335
0.21453891424331384 0.9945388543567701 0.5444027577312494
-0.3166768441508261 -0.7176853069900688 0.608575868162605
0.2719959115252917 -0.15119139632094059 0.02244398665119418
0.3445465704621835 0.9892110740439783 0.4038457333248309
-0.4584099580981853 0.6492619069478371 1.1002905058398327
-0.6805687362175685 -0.5440357342381346 0.19809960293843926
0.7223808612642497 -0.745192390098538 1.1474147932713639
-0.865340657731829 0.4100172077996602 0.9067401317121084
-0.6823766622332013 0.11855787115286875 0.9400424478658587
-0.2443133876910295 0.7142344884706289 0.3379922852418357
-0.1225668062052867 -0.1789538849903518 0.65599030568199
-0.9339118070706149 -0.2738898111879815 0.9074559376133464
0.6941116117998409 0.818942004248848 0.7239914507852712
-0.7241764859349804 0.7660008497031263 0.632221059592516
0.6160816165831853 -0.49468285411509294 1.141099495815111
0.9463003824100602 0.43181748896397787 0.1585039322754499
0.21808862840638388 -0.16317657348838677 0.7472891635973626
0.16938285984897883 0.47142379220415886 0.2232510767732639
-0.32134533799181697 0.6527892130468729 0.047270092676728076
-0.4935106673662435 -0.003467009718237879 0.1753508756945012
-0.9834439760816893 -0.5745840951698264 0.6475965351822632
-0.07343538156141172 0.3586467455441631 0.9834197270668419
-0.13666902897399402 0.726981355130595 -0.09110855160105415
-0.9082199304400893 -0.8252709961483742 1.1989086474944288
-0.8613465065590582 -0.720954003565919 0.35332840895322487
0.837927230470149 -0.7327816206538604 -0.1667189389532229
0.47331474316592725 0.8767039703119979 0.6003422232819142
0.13395585020080092 -0.2863056305652296 -0.12499868894556232
0.5331760078246013 -0.854973061422734 0.3931850242512069
0.06506098012545802 -0.13854114027197917 1.0662910325290078
-0.9963367112662733 0.8479269467862383 0.9359696287505284
-0.7330901286250724 -0.19746591724681184 -0.11404767721448332
0.9699944725976737 0.9816228882233988 0.17316156221868995
0.5782412154398626 -0.1947871336814324 0.2807174599794825
-0.8852132011282869 0.25636470377535403 0.9242856205203234
0.42773159512316017 -0.4570009288189827 0.9435446952552169
-0.013132221489735585 -0.04891378926519607 0.6025250430812819
-0.5959861600749776 -0.783565185868486 0.9998154830342219
-0.7250206426884209 -0.18292851521500797 0.25759837668669283
0.8856515485017984 -0.45575279931098756 0.789199155803473
-0.9890610232987225 -0.5655864166654996 -0.0813661926937681
-0.7524992091619633 0.5124147463818092 0.03478141529638348
-0.9761871785056375 -0.7673269852785287 0.9124624461122897
0.40759497841406 0.2119139419811693 0.5795520302832848
-0.036379450495453325 -0.7859132346318116 1.080787741776642
0.9389689307519962 -0.6901695798964047 -0.19884925072595172
0.3560476525891161 0.6640970070150654 0.09110312832894912
-0.5704367575836817 0.6406824263803372 0.5352121582987666
-0.05789367508210952 -0.8443067654937282 0.32767947809240466
-0.9349461512335695 -0.5188484675096785 0.718672742674668
0.535980564839762 0.1401272578655366 0.6558383539693222
-0.8119479649904682 0.6127968183031889 0.36795790505509324
-0.26527921078458405 -0.9619880997459014 0.8633146060815435
-0.3255311793391611 0.1079637712267072 0.6311286573325403
-0.509833574079047 -0.6427530177938732 0.380403774897296
-0.7783888068090059 0.9346875075356564 0.9638284778855757
0.0015635161607516768 -0.6377325609045674 0.8536311961313885
-0.3954823109439958 -0.8252843741516747 1.0442515708468652
-0.7461978313014308 0.05042067739286993 1.1671795110384804
0.8565550094638619 -0.4956331055212253 0.6167192821792411
0.8088773804423903 0.15896517832534318 0.8545253244924966
-0.25566797912039485 0.9028274380873678 0.9766411580697605
-0.19823272736942 0.04998658222169361 0.5227180192334757
0.3899271846924537 -0.6037144105887127 1.0415230415834986
0.9198591699071912 -0.13916299555375566 1.0232644656622292
-0.012958710731377332 0.7895255492558728 1.1600947564440365
0.32732527170480585 0.13195853047949857 0.3053483680384976
-0.1834796906669307 -0.6412923920415043 0.852982377451597
-0.18838022592348502 -0.22987626922983595 0.3607731185116662
-0.13677737575841387 0.7150670793033933 0.6147963903963145
0.21701729229953148 0.9616687697454243 0.03597213221187426
0.4599851603381009 -0.3194934195066359 0.6036690330517203
0.009686789212788094 0.2588233895611194 0.44317831770133403
-0.18558645531037166 0.663196474100219 0.22455752219155528
-0.860675826464296 -0.004001971704982843 0.6545118098117788
-0.04110859531327793 0.15585187118718413 0.701371253317957
0.14317293162075928 -0.4479148284828045 -0.005713650210402654
0.7488743626664514 -0.5953603813006958 1.0292478432083114
0.27839674319068 -0.1280569796666331 0.7615443020451975
0.3305188525043188 0.6349711656192651 1.074602826538488
-0.03272023636087429 -0.9174837918438974 0.4572880237669496
0.6754177600918989 0.0686730999820786 0.6344921805049524
0.1605010678276142 -0.06660361307086249 0.8875687785359272
0.7372450098571195 0.475709698355983 -0.057727492483168524
-0.8981388034402067 -0.9281146472414821 1.1594549583230562
-0.9117982978281931 -0.977926735585803 1.0901490155026208
0.27863184575220723 -0.6957083007030656 0.08024495224398892
-0.9238508162395609 -0.19950791200971452 1.04899283963333
-0.8970907022002736 0.7681080716854747 0.9572196185596842
-0.3284528702002698 0.11332331670054607 1.1577145158691842
-0.07035002029211168 0.677084377649118 -0.079530129893943
0.5395599509800386 0.9791393024522845 0.9770296597333026
