-0.30407589501214916 -0.29982823149635496 0.46151006534168554
-0.3173161836282288 0.5131450656577035 0.05451146531086615
-0.3242235530783346 0.8401505107437635 0.5399618259113015
0.06803781365362327 -0.25623881852395836 1.0868645249707731
-0.4489460327759285 0.2965768142296539 -0.07808435255912032
0.22046139291747524 -0.8345709331292646 -0.09162747501575731
0.30732508537750336 0.13686467951684933 1.0296740376171472
0.7026970213130008 0.6205759515728269 0.22504768725957813
-0.7987145324279408 -0.14506627098562896 0.9016017816233821
0.29383465280654564 0.09989930401894154 0.1970569853144004
0.5166251876279895 0.0057923977109310965 0.6698197985707739
-0.7656067065101189 0.5753162182275147 0.5199146142895708
-0.7015557384414743 -0.5871854993115031 -0.05707963868212973
-0.19222070516186918 -0.7051376567608938 0.7789456413332125
-0.9391686383336548 0.047481611726322814 0.8893595261987974
0.5623436830062081 -0.0378920510939893 1.041221629304482
0.8090621941508145 0.23604676589930706 0.2516787985664868
-0.7151104534766739 -0.9286961430102221 0.23907078130755344
0.25208909608973284 -0.6141657700790728 0.05190337493126246
-0.947950774579629 -0.15133863454154417 -0.07519878545150394
0.09640810618876916 0.5006119103667102 -0.04377799383159656
-0.9034209351511044 0.34827967131056825 1.0295555908450307
-0.21325877552876316 -0.5815391521513673 0.8574722220665127
-0.7122019411461014 0.15265637479719008 0.6588675926994871
-0.2632514639949186 -0.32683001964166447 0.9123359409165868
-0.689619993217075 0.2507328858418283 0.5866003413127976
0.5388550071928111 0.9702892678222279 0.7848644290035671
-0.18054044274434844 -0.3867652199712235 0.34836680448852636
0.1297993069844967 -0.8632732884915886 -0.012139620409678753
-0.6949937718401078 -0.8768536512271925 0.35819180858379723
-0.5679499992316603 -0.523693211725476 0.5662356154754458
-0.9380752813761772 -0.5482883098497233 0.2639558514055385
-0.7717694557206021 0.16749099741552964 0.5570732813774333
-0.6045342506940661 -0.5070159538828583 0.15561933904288877
-0.9311961029493194 -0.43347248338404465 1.0235040202311498
0.7465216852088701 -0.8765968422968458 0.25060116475599314
0.6802626788940247 0.22344400642344153 0.9957059656311928
0.3875137076036237 0.3768062235842784 0.15426553800820153
-0.6610807578302547 0.40664694759917275 0.7569357764723248
-0.20887680519248186 0.7780017605281961 0.647189585441929
-0.7921141856320468 0.06311976530501084 0.36357172392557896
-0.2940991479050634 -0.466770874327463 -0.008281580658199283
-0.08402064684617017 -0.8439038848328466 0.5059157336129032
0.779245553920701 0.1761650089645832 0.19559298767180505
-0.26668292225768897 0.1557025527154552 0.9536386807069162
0.09723203122168278 0.17870123887190625 1.1721673147314335
-0.47491738897180324 0.21934807378805998 1.000067439367095
-0.896126897752815 0.35618721926154784 0.056196640510869256
0.12499876633322349 -0.6997007254704315 0.7604127135746679
0.5749874895602514 0.8998289143455929 0.6695194897042553
-0.19021205647482087 -0.007728396413596572 0.6878580752030257
-0.9202444435348889 -0.9295788722891782 0.5157033456884792
-0.007242832393194565 0.9265307266919762 0.20814979733502348
-0.7345790708379663 0.4963025007011497 0.5221336857846473
-0.10758961598523009 -0.32416858115592806 0.9124274402728965
0.9272607265611363 0.31907705086404947 0.9727578809045143
0.9526294802921516 0.6760051672620035 0.41931717795537266
0.970317808920147 0.9229561378789015 0.6118930180918931
-0.5689212574946196 0.8525433809372702 0.2704682704884084
-0.4689348435884657 -0.8801481617235603 -0.16858684653811032
-0.4540007141229532 0.9757910768225004 0.06817170032287667
0.9887279813755319 -0.8266005544221009 1.0133926040421437
0.1696144714314578 -0.7915993758826263 0.7156811330818542
-0.23562316073172762 -0.7176669215906815 0.3780353044213222
-0.4160501393182088 -0.6326471767047386 1.1602087244951846
0.3208513790339884 -0.7446126962383992 0.7900508039842855
0.551449381037163 0.9967822488212346 0.05712416588723174
0.8842757030481672 0.6274045900196581 0.4025477636470349
-0.9932543892095496 0.9940312450303959 1.0211122949274527
-0.2093728501253609 0.3331810504542676 0.8966247354215835
-0.4661922173969628 -0.6091666508067626 0.6470864377117518
0.46120122907636873 0.792987572342825 1.0449156096798844
-0.8197464003591735 -0.1734361619629372 0.8932184772711456
0.6639771630293123 0.7778057145365096 0.38337857299605876
0.6256688899583331 0.3834884439791446 0.03337069668847173
0.9622195656196826 0.9306847404052345 0.1409376725844605
0.6898263311481441 -0.3279962684654594 0.5771112437103811
0.12409531464006474 0.6385440258130386 -0.15017814540476812
-0.7028894330871911 -0.03964488353953333 0.6218612155511094
