-0.6957031345857287 0.38226632832893914 0.4126882689761822
0.5752484009679295 0.9198044544989481 0.5720806579979818
0.9412279992140664 -0.40229457559558224 0.45529746878740857
-0.7095121042671106 0.4547624162455124 0.5668610605995219
-0.5373626371089022 0.9772862991055224 0.31455383006426046
0.3385280651411988 0.659878980555139 0.5497842754653619
-0.7427647256539889 0.8053093522655455 -0.13808556477784462
0.7999039691558498 0.6127515032323174 1.0013065328369486
-0.6633308002370553 0.9094903425678587 0.8982159815081405
-0.04198376023463135 0.46885225884633597 0.3345258673484392
-0.7912376916059991 0.0011630121842165497 0.5279721801055368
-0.32792394435486827 0.3954662924262682 0.6093240307271157
-0.2967338586333521 -0.588535403121556 0.6017909628266267
0.8801599708783985 0.41430748037971266 0.28708885751103563
0.33016824878358886 -0.5699241501243109 -0.1898892672783604
-0.12699616035261263 -0.4540274182792132 1.1176912673856718
-0.6608621787449789 0.5943014199914796 0.06217576258997315
-0.39178445440353293 0.08270727438196013 0.3488929069406393
-0.3164374437382742 -0.07500557534746588 0.2581750247039942
-0.44486031083795563 -0.005492056619479158 0.22269123041197142
-0.5177419132685448 0.09370102177868112 0.7035891660913167
-0.035712277655298275 0.8466548728539081 1.0417938569318026
0.5807834948956154 0.018054132253410682 0.8922869398336228
0.7634890605229558 -0.07137790604251659 0.030230391465860817
-0.05198164559386509 0.04668009068121215 1.1102518054873456
-0.2437046242950771 0.39971681807782433 0.42394327849320085
0.4591023207190359 0.415474414438598 1.168725266075854
-0.17833434426844552 0.36249358752124716 0.19251559291453368
0.9747743388418628 0.28611888491244164 0.3610753209737653
0.6960880662522331 0.9468344751575186 0.6589520846405272
0.4052501440903029 -0.5833220669301342 1.0471164486390776
0.48984968829880726 0.5427038917940021 0.6915409653608351
-0.037560981825748296 -0.21264843103871378 0.5399954294163629
0.07885528170268752 0.8818233454851145 0.14346280260904465
0.8854208004748512 -0.6544745454086238 -0.11765225024000756
-0.5766924306436874 0.29762214247416297 0.3307300640000575
0.5091701868569827 0.36522006543596675 0.49115189507272966
-0.948370527924437 -0.40631284957252833 0.18073175074321157
-0.29008886609437456 -0.4547551435351189 0.20219730092521626
0.8178456809488053 0.09323092089961116 1.0757379208960625
0.5576379642115501 0.05550349174928626 0.7838503485558457
-0.12749875512126274 -0.3617342215702448 0.4425305546250892
0.5733971676029559 -0.24502883365230077 0.9081871636358834
-0.42945335805798246 -0.1674100233812803 1.149538944012601
-0.6588669549716064 -0.2713064362413766 0.7780163207512867
0.8092037097118006 0.24567722640548295 -0.1760096965534061
0.4945335014908814 -0.8004403235451663 0.22280845783083564
-0.36914242762402094 -0.07691359888250271 0.03739669714138544
0.6585455692907785 -0.27434628160311947 0.26272944516317753
0.2834594631421272 0.2268122149979548 1.0002445227936791
-0.8273113583398248 -0.8129348987276084 -0.023414405700680818
-0.7409172768975556 -0.194144155404107 0.0032821728032815245
0.17258612048587962 0.07286135645480596 0.1807530787087296
0.7352117195816021 0.6124146884973911 0.9097759777666374
-0.2513196351755609 0.07426363092272337 0.05005926274271677
0.45467116232581084 -0.32919472143944106 1.1236768428508197
-0.41012885877000294 0.2728444012004765 1.0946859112190597
0.13863845592161783 -0.44416640871363033 0.6703314607812525
0.6966984036053532 -0.6144171128203064 0.8888022107110913
-0.277657196756802 -0.04209433434461296 0.5047835528024629
0.9257362055112208 -0.8504426587396232 0.3247763672928627
0.5516180456266635 0.9786956628890524 0.366885465618668
-0.8229571995317839 -0.6641361512602468 1.081754590868061
-0.5836593315262839 0.13826830244453858 0.6801693484914226
0.9417141415859847 -0.7035113617389976 1.1033000837673101
-0.35906159419728234 -0.6564728228035137 0.11100534738198359
0.015728695487531086 0.7074118248645715 -0.18316903938813253
0.9143112449331752 -0.9381395327254218 0.23278761923424146
0.8989732135796382 0.8015441078443535 0.19420938610287164
0.7955467358447286 -0.9453797310227143 0.04455653116830663
-0.5550475813952456 0.4711183355750852 1.1828119470769183
0.565039036687556 -0.7489879011081209 0.347660248601013
-0.4886998171183248 0.4923959292561624 -0.09124270937008198
0.8154903224972168 -0.2813780347318322 -0.19850037079987815
-0.7107087789754578 0.2637607510064677 0.45781563868777825
