0.8571268735585151 0.5078473538967021 0.6579529553917496
0.27564080406146685 -0.8632862190003041 0.2519925159357455
0.8029354922920744 0.2997132458731393 0.5441666681926587
0.6553673157129407 0.3243100643728505 0.6227523882984471
0.25114784092609277 -0.4213309517818351 0.8110166902814564
0.8393878992439674 0.020594187318438983 0.838825859058725
-0.2469357260210039 0.703405077697737 1.166016139328762
-0.7643366529785076 0.28071192540115497 0.5692241154347741
0.039363586454908894 0.9161278720648853 0.22927040518110692
-0.4755713811115392 -0.01576062273945622 -0.10761049643915274
0.9984810191969875 -0.1690993126008351 -0.0021861620468999754
0.22241127199614064 0.4294793336122653 0.2801612085264712
-0.7810016983075105 -0.6351092802062566 1.0030937699742646
-0.1977761859591587 -0.012916856359544537 0.580272279571026
0.14824599718280962 -0.02622680459825011 1.1031212830082135
-0.26177215462420866 -0.3054739707460039 1.1496318154016854
0.3388813856737445 0.9419171147836478 -0.047539061581686526
-0.7793548190660209 0.6703732491844396 0.455549630913992
0.1744806691625651 -0.6319302185560682 0.10332368853076057
-0.03654413462629602 -0.846148058242427 0.44707323863096055
-0.13305502420552862 -0.36093808429862295 0.37280388220882527
-0.7546272502762155 0.6698209415320251 0.13082963328692293
0.21518971345258797 -0.7260090622333064 0.5354975562371682
-0.2540860359749275 0.9728806885735577 0.4027776498026568
-0.420587146271757 -0.33759867830529133 1.1480975512687237
0.40606026516772165 0.5568638209313359 0.593030901534761
-0.4890675958492212 0.9822346456882662 0.24861203079583633
-0.6028031275984338 -0.7605112083909831 -0.03819962666812238
-0.13049978377225835 0.7712651255985483 0.903661048157999
-0.050052189828383 -0.0948945608095848 1.110054221224176
0.6525448371999043 -0.1583211038660668 1.0975952756743925
-0.9926388372002952 -0.3977723487661726 0.2031891228721197
-0.877292179687454 -0.07239774804069588 0.46885887635074935
0.03649684750943538 -0.11287710239919257 -0.17350429660758107
-0.552626440382068 0.16863522329841762 0.4322908336092081
-0.23934409118995736 0.756289350373172 -0.1364414363243491
0.43040760858357796 -0.6041972029416978 0.7238972235953296
0.07962830024646617 0.7180857779341663 1.1205991498875456
0.4584450440216279 -0.7153323023611287 -0.07764039247697498
-0.2433873164910998 0.43340316857576777 0.16314341032763197
-0.38282510083480825 -0.9323685310068905 0.24709806661893463
-0.012049560549991734 0.6268052669912392 0.3539540511818176
-0.4179386483217853 -0.7063047971339342 1.1942363204874624
0.6133556197801986 -0.1905070242876099 0.2204420228921839
-0.5099733192906621 -0.535149422546559 0.11808431967830924
-0.27267987923593595 -0.40608036325037555 -0.06353978908928737
0.7276764145762498 0.9477574951215462 0.4037140047030365
-0.7669982817854983 0.7005768694767402 0.35257319007391946
0.6966353954494369 -0.40755736557392486 -0.1719254635686038
-0.8727604175126609 -0.03134552079475106 0.7882468348043505
-0.9395340259210991 -0.09918054705115087 0.6898512173312457
0.11801254769520009 -0.4169402593826024 0.2789164927418564
-0.6388445616098843 -0.995115361219989 -0.000883090160693295
-0.5558704061165944 0.17345117622889572 0.13150741141290073
-0.3332830258556301 -0.13493121493651672 1.1772824195211062
0.5867177522134894 0.8616373869255507 0.5116150738653678
-0.27205961046577154 0.5753539019223877 0.11054384450174642
-0.6499731836811926 0.9659739511480747 1.1590688084358425
0.9247461316938401 0.7067160587813139 0.2841800202112288
-0.22567501934221568 -0.24548484676522508 1.115382663328157
-0.30429749031371345 0.9785867216262241 0.5041517760469605
0.5733055084054073 -0.9560705814869099 -0.13678244225169567
0.06934691760763578 -0.9474072207997557 0.21926883374605582
-0.6092149397904125 -0.34685352785724 1.069408337696493
-0.010776482256041664 0.6537527072371747 0.8186509093432064
0.941986239610574 -0.4642825383506277 0.7160625118190589
0.971673775054442 -0.8274879202683285 0.4585929187571229
-0.801827934217946 0.384038989305145 -0.0037433105204045247
0.9187113149582733 -0.43066808246983856 0.9169957254842931
0.09695845685495708 -0.28170164258661523 0.7379370832492254
0.8517877918123651 -0.8492298268124814 0.5789494363654244
-0.718894706901072 -0.8363880882588399 1.1843030962952987
0.9757738857738669 -0.7736847745232982 0.23906749948406414
0.07793210722459643 0.17286313528204422 0.09110295536326962
-0.6025815697935002 -0.46277594271997224 0.7038113333925224
