-0.24806768699059223 -0.5342506659134059 0.3728377459137155
-0.8668816146005929 -0.24302101415659405 0.6746794469067192
0.49477186540431406 -0.9286905988694272 -0.12166372715619822
-0.9381555806346256 -0.47548679387097526 0.5059215503337655
0.4195822869614614 0.014704165094679311 0.6708585711015544
-0.20838998556269006 0.5612215091188291 0.5909925088049366
-0.6976539319110595 0.5047934585086713 0.9618952082491254
-0.10428909227760719 0.25442964498352016 0.6293686255035893
-0.2853940925711278 -0.3371233237676108 0.19870531856743084
0.9425319985624665 0.1860571629972625 0.8815192628658559
-0.40316283716240076 -0.4610137833407115 0.7700763092198091
-0.24187218645375297 -0.5472788376369746 0.5335170834448721
0.5893055110431538 0.8311092876096724 0.9628673458644266
-0.7700185990137929 -0.5771373895777132 1.1311284874295475
0.33553677824874906 -0.7862071533869044 0.6622817912672236
0.6955285965224771 -0.18664197151055273 1.071615516104393
-0.25797260505155384 0.9291703415900006 -0.12320875771199966
0.04130145835822985 0.40784029897075724 0.7752390465152055
0.3664554304661194 -0.7008586326450577 1.0554323752289527
0.9993635006419472 0.3079742486427537 1.0510634431682273
-0.6394244884510145 -0.8310184946939543 0.7495873333266567
0.6013101595978461 -0.9449955333364617 0.5840746542192312
-0.9643408704323668 -0.9440459272329782 1.1237252126800776
-0.08734086829121956 -0.8294647294099915 0.6269186546149259
0.3703917513923769 0.5851472983061987 0.6281492255347667
0.07132456549142141 0.2972487421544332 1.084670441452916
-0.40288713920459407 -0.7095234270639925 0.9446259257351586
0.3990302901385654 0.22471327042722766 0.8812745925658023
-0.03515412814936947 -0.9002737112791155 0.8556978489781988
0.8629228781065266 -0.4409410613976401 1.1802914582077904
-0.6887825502940115 0.29870036698962443 0.7922935430237052
0.7646317074330411 0.4625597922158422 0.08350386180605501
0.7658699967282452 0.49680010357520743 0.272060950900585
-0.6119405502369435 0.5821684930911706 0.5964323550258277
-0.5292429251345272 0.8043376288158064 -0.027568031721235925
-0.8189782219871851 -0.4315457894367434 1.1436469918700336
-0.2025386537961904 0.1896045398100048 0.5347271334227548
-0.49555554567960636 0.12636613264326502 -0.07607995889204315
0.5723748406997049 -0.7101017669264382 -0.1483282361813857
0.1921350398566668 -0.11721186038419384 1.041090589263091
-0.21502932593787216 0.40169651773448245 0.9741901048013848
0.45554822761496294 0.9753433445858695 -0.14353984564990788
-0.5139441740776893 -0.9617484980825637 1.0014102529842066
-0.4368593379825525 -0.643186787213446 -0.05998097157076482
0.29897243781562466 0.7880565628443477 0.936192226656932
0.585667673660679 0.1739848885375268 0.9018063945984378
0.36185285383619137 0.25711594433107465 0.37252726283562637
-0.4545669222325619 -0.7696872287991152 -0.16388397883170092
0.06215883930427646 -0.11683453721325487 0.8501691162705476
-0.19880809340719674 -0.2050316847970508 0.2232019327384996
0.5344070557107012 -0.06689097313453263 0.6992936412564834
-0.09720417497457134 0.2970220221046884 0.3631404858444665
-0.6013863368583332 -0.14072014499209073 0.6140603217002467
-0.9475345139963165 0.9816824266665165 0.6873974972475614
-0.7185527878358471 0.37402231590088264 0.7266546393193216
-0.7493052242193905 0.04825190693041037 0.6115767164413226
-0.7188576600309011 0.38064904603352323 1.061241398551695
0.6604552182901142 0.5736759680605992 0.28899944168972685
-0.8469031099572459 0.7087044957623074 -0.1976718223220485
-0.272906360906759 -0.6204289071402151 0.9257560877621711
-0.7430144819249918 0.7782559128970665 0.9546512675682988
0.8664025173224472 0.5722499176096643 0.4538562087579118
0.02955302261834869 0.4916412829188117 0.5936533050388293
0.8661861525411199 0.8748190880252553 -0.18091892533154008
0.8186645673936035 0.2841911160532087 0.5780753689714706
0.2771733954142468 0.25920533001644275 0.24072657113439455
-0.3517424013778512 0.615503054287424 0.5797994707899388
0.5602916029348277 0.7958061874517741 0.050036243086320153
-0.8959706594156431 -0.7941530572856053 0.5521597030591721
0.34750334116233783 -0.7790810621264359 0.6294762767598985
-0.657187677081871 -0.468260200130701 0.3481531727379665
-0.5538797069909944 0.555703463829742 0.36467262575564313
0.6794421264325519 0.4060322916298962 0.7925934878454115
-0.5367122369367481 -0.3963315788675623 1.1950617436021325
-0.16169478060260145 -0.23316994292275117 0.9067616294911534
